player,pos,age,team_id,g,mp,per,ts_pct,fg3a_per_fga_pct,fta_per_fga_pct,orb_pct,drb_pct,trb_pct,ast_pct,stl_pct,blk_pct,tov_pct,usg_pct,ws-dum,ows,dws,ws,ws_per_48,bpm-dum,obpm,dbpm,bpm,vorp,
Steven Adams,C,26,OKC,40,1078,21.8,.609,.003,.429,14.8,24.6,19.9,15.0,1.2,3.4,13.7,17.6,,2.9,1.6,4.5,.201,,1.8,3.1,4.9,1.9,
Bam Adebayo,C,22,MIA,44,1517,20.4,.623,.022,.524,8.9,24.2,17.0,20.9,1.7,3.3,18.2,19.8,,3.3,2.4,5.8,.183,,0.9,3.8,4.7,2.5,
LaMarcus Aldridge,C,34,SAS,41,1353,21.2,.589,.188,.242,6.6,17.4,12.0,11.2,0.9,4.6,7.9,23.3,,3.1,1.1,4.2,.149,,1.8,0.6,2.4,1.5,
Nickeil Alexander-Walker,SG,21,NOP,36,485,9.0,.452,.525,.127,1.5,15.4,8.3,21.1,1.0,1.2,12.7,22.8,,-0.5,0.2,-0.2,-0.023,,-3.2,-2.3,-5.5,-0.4,
Grayson Allen,SG,24,MEM,29,491,11.8,.580,.520,.200,1.1,13.0,7.1,12.0,0.6,0.2,10.4,18.0,,0.5,0.1,0.6,.062,,-0.5,-3.0,-3.5,-0.2,
Jarrett Allen,C,21,BRK,42,1124,20.9,.668,.011,.593,12.1,24.8,18.6,7.4,1.2,4.1,12.0,15.1,,3.1,1.9,5.0,.215,,0.3,2.9,3.2,1.5,
Kadeem Allen,SG,27,NYK,9,96,13.6,.483,.381,.190,2.1,6.8,4.3,31.4,2.0,2.0,14.9,23.6,,0.0,0.0,0.0,.017,,-1.4,-2.8,-4.3,-0.1,
Al-Farouq Aminu,PF,29,ORL,18,380,7.8,.395,.419,.337,6.4,18.1,12.1,7.5,2.3,1.9,14.7,13.2,,-0.4,0.6,0.2,.026,,-4.8,2.4,-2.4,0.0,
Justin Anderson,SF,26,BRK,3,17,-3.7,.218,.500,.333,0.0,11.7,6.0,0.0,0.0,4.9,0.0,16.8,,-0.1,0.0,-0.1,-0.168,,-12.7,-2.6,-15.3,-0.1,
Kyle Anderson,PF,26,MEM,38,631,13.1,.514,.215,.264,5.9,17.6,11.8,16.2,2.1,2.1,13.7,13.9,,0.5,0.6,1.1,.082,,-1.7,1.5,-0.2,0.3,
Ryan Anderson,PF,31,HOU,2,14,9.7,.357,.714,.000,0.0,51.2,25.7,20.1,3.3,0.0,12.5,23.4,,0.0,0.0,0.0,-0.021,,-7.0,1.8,-5.2,0.0,
Giannis Antetokounmpo,PF,25,MIL,42,1286,32.7,.613,.256,.516,7.8,32.0,20.7,33.3,1.7,3.0,12.8,37.9,,4.6,3.4,8.0,.297,,7.4,4.8,12.2,4.6,
Kostas Antetokounmpo,PF,22,LAL,3,5,8.7,,,,0.0,21.4,10.9,22.5,0.0,0.0,,0.0,,0.0,0.0,0.0,.134,,-4.8,1.0,-3.8,0.0,
Thanasis Antetokounmpo,SF,27,MIL,13,55,13.4,.553,.100,.400,11.5,1.7,6.3,15.4,0.8,1.6,17.5,21.5,,0.0,0.1,0.1,.102,,-1.9,-1.5,-3.4,0.0,
Carmelo Anthony,PF,35,POR,30,967,13.5,.528,.273,.204,3.5,16.1,9.9,6.3,1.4,1.5,10.3,22.5,,0.2,0.7,0.9,.045,,-1.9,-1.3,-3.2,-0.3,
OG Anunoby,SF,22,TOR,43,1269,12.7,.580,.420,.141,3.9,15.7,9.9,8.2,1.8,2.1,12.1,15.3,,1.0,2.1,3.1,.117,,-0.7,2.3,1.6,1.1,
Ryan Arcidiacono,PG,25,CHI,42,618,8.0,.516,.587,.175,2.4,10.2,6.1,14.5,1.4,0.3,13.0,12.2,,0.3,0.5,0.8,.065,,-2.4,-0.8,-3.2,-0.2,
Trevor Ariza,SF,34,SAC,32,791,9.6,.543,.739,.164,2.9,18.4,10.4,8.5,2.2,0.8,13.7,11.3,,0.4,0.8,1.1,.067,,-1.3,1.0,-0.2,0.4,
D.J. Augustin,PG,32,ORL,39,1013,14.6,.544,.417,.399,1.5,8.6,4.9,27.0,1.3,0.1,12.4,18.7,,1.5,0.9,2.4,.115,,0.2,-1.9,-1.7,0.1,
Deandre Ayton,C,21,PHO,14,445,20.4,.565,.005,.178,12.0,29.5,20.6,9.6,0.7,4.1,9.5,22.9,,0.7,0.5,1.3,.136,,-1.5,1.1,-0.4,0.2,
Dwayne Bacon,SG,24,CHO,35,637,6.9,.429,.278,.218,2.1,13.3,7.5,12.0,1.7,0.3,11.1,19.8,,-0.9,0.3,-0.6,-0.044,,-5.5,-1.8,-7.3,-0.9,
Marvin Bagley,PF,20,SAC,13,334,16.1,.512,.132,.186,9.5,23.7,16.4,5.1,0.9,3.4,9.1,25.9,,0.1,0.3,0.4,.057,,-3.9,-1.7,-5.6,-0.3,
Lonzo Ball,PG,22,NOP,37,1149,13.1,.498,.554,.117,4.0,16.2,10.0,28.8,1.9,1.0,18.5,19.8,,0.2,0.8,1.0,.042,,0.0,0.1,0.1,0.6,
Mo Bamba,C,21,ORL,41,627,15.4,.511,.365,.120,10.1,26.8,18.1,6.5,1.2,8.1,13.5,16.8,,0.1,1.3,1.4,.108,,-3.6,4.1,0.5,0.4,
J.J. Barea,PG,35,DAL,13,195,18.6,.570,.433,.052,2.7,9.9,6.4,33.3,0.7,0.4,13.1,25.0,,0.5,0.1,0.6,.136,,2.4,-3.5,-1.1,0.0,
Harrison Barnes,PF,27,SAC,44,1543,13.3,.560,.333,.367,3.0,13.3,8.0,8.8,0.9,0.4,8.3,18.1,,2.0,0.7,2.7,.084,,-0.4,-1.3,-1.7,0.1,
RJ Barrett,SG,19,NYK,41,1281,10.6,.470,.268,.345,3.4,14.5,8.7,12.3,1.6,1.2,12.8,23.3,,-1.3,0.7,-0.6,-0.021,,-3.2,-0.7,-4.0,-0.6,
Will Barton,SF,29,DEN,41,1377,16.0,.538,.362,.186,4.9,16.8,10.8,16.5,1.7,1.4,9.2,19.8,,1.8,1.6,3.5,.122,,1.0,0.8,1.8,1.3,
Keita Bates-Diop,SF,24,MIN,32,568,12.3,.539,.464,.337,3.2,14.5,8.6,4.9,1.2,2.2,5.9,16.1,,0.5,0.5,1.0,.081,,-2.1,-0.8,-3.0,-0.1,
Nicolas Batum,SF,31,CHO,21,471,9.5,.489,.630,.082,4.9,17.4,10.9,18.1,1.8,1.5,22.5,9.1,,0.2,0.4,0.5,.056,,-2.4,1.3,-1.2,0.1,
Aron Baynes,C,33,PHO,33,756,15.2,.582,.423,.205,7.7,20.2,13.8,12.5,0.4,2.2,10.7,20.4,,1.1,0.6,1.7,.110,,0.6,-0.6,0.0,0.4,
Kent Bazemore,SF-SG,30,TOT,44,1127,7.8,.477,.524,.230,1.3,14.4,7.9,7.2,1.9,2.3,14.4,16.0,,-0.9,1.0,0.0,.001,,-3.2,0.6,-2.6,-0.2,
Darius Bazley,PF,19,OKC,45,772,7.3,.457,.456,.176,2.7,20.8,12.0,4.2,1.0,3.5,15.1,14.0,,-0.9,1.0,0.1,.005,,-5.5,1.2,-4.3,-0.4,
Bradley Beal,SG,26,WAS,36,1279,21.2,.561,.368,.340,3.0,11.5,7.1,29.0,1.3,0.7,11.8,32.4,,2.5,0.0,2.5,.095,,4.4,-3.0,1.3,1.1,
Malik Beasley,SG,23,DEN,34,586,10.1,.519,.519,.094,1.3,9.4,5.3,7.9,1.8,0.8,10.3,20.0,,-0.1,0.6,0.5,.038,,-2.0,-1.9,-3.8,-0.3,
Marco Belinelli,SG,33,SAS,39,597,9.2,.491,.514,.171,0.4,11.7,6.1,11.0,0.6,0.0,5.4,17.2,,0.1,0.1,0.2,.020,,-1.7,-3.4,-5.1,-0.5,
Jordan Bell,C,25,MIN,25,221,14.7,.566,.140,.509,12.7,23.2,17.8,9.4,0.4,3.3,20.5,16.4,,0.2,0.2,0.4,.080,,-3.5,0.5,-3.0,-0.1,
DeAndre' Bembry,SG,25,ATL,43,915,9.7,.500,.285,.211,3.9,14.0,8.9,12.5,2.8,1.7,19.4,14.0,,-0.5,0.8,0.4,.018,,-3.6,1.4,-2.1,0.0,
Dragan Bender,SF,22,MIL,6,85,8.8,.610,.450,.150,0.0,19.6,10.4,11.9,0.0,4.1,19.0,12.8,,0.0,0.2,0.2,.111,,-3.6,1.9,-1.6,0.0,
Dāvis Bertāns,PF,27,WAS,34,994,15.9,.621,.756,.164,2.7,15.3,8.8,8.2,1.0,1.9,6.7,18.7,,2.1,0.1,2.2,.108,,3.5,-2.3,1.2,0.8,
Patrick Beverley,PG,31,LAC,36,1020,13.0,.538,.592,.146,4.9,16.6,10.9,18.5,2.2,1.9,14.8,13.1,,1.2,1.6,2.8,.132,,1.0,3.2,4.1,1.6,
Khem Birch,C,27,ORL,31,647,10.0,.527,.011,.593,8.8,15.8,12.2,6.6,1.1,2.5,15.5,9.1,,0.5,0.8,1.3,.097,,-3.3,2.5,-0.8,0.2,
Goga Bitadze,C,20,IND,36,331,12.3,.530,.247,.312,7.0,20.2,13.6,7.4,0.3,6.8,14.5,16.4,,0.1,0.5,0.6,.085,,-3.8,2.4,-1.4,0.1,
Bismack Biyombo,C,27,CHO,42,815,16.6,.573,.000,.518,12.6,21.0,16.6,7.1,0.5,4.0,11.7,17.0,,1.4,0.6,2.0,.116,,-2.1,0.2,-1.9,0.0,
Nemanja Bjelica,PF,31,SAC,44,1227,16.7,.608,.471,.117,6.2,20.6,13.2,14.1,1.6,1.9,13.2,18.3,,2.2,1.2,3.3,.130,,1.7,0.8,2.6,1.4,
Eric Bledsoe,PG,30,MIL,37,965,18.8,.580,.309,.283,2.8,13.6,8.6,27.7,1.5,1.7,14.6,23.8,,1.9,1.8,3.6,.181,,1.2,1.0,2.2,1.0,
Bogdan Bogdanović,SG,27,SAC,33,925,14.1,.543,.554,.148,1.4,10.7,5.9,20.0,1.7,0.9,13.4,23.9,,0.4,0.6,1.0,.050,,0.7,-1.9,-1.2,0.2,
Bojan Bogdanović,SF,30,UTA,43,1426,16.5,.607,.473,.299,2.1,11.0,6.8,9.7,0.9,0.3,13.5,26.5,,2.0,1.4,3.4,.115,,1.7,-1.7,-0.1,0.7,
Jonah Bolden,PF,24,PHI,3,13,-2.1,.515,.333,.667,0.0,8.4,4.2,0.0,3.7,0.0,34.0,19.5,,-0.1,0.0,0.0,-0.151,,-10.2,-1.1,-11.4,0.0,
Jordan Bone,PG,22,DET,5,16,-5.1,.286,.286,.000,0.0,0.0,0.0,26.6,0.0,0.0,22.2,24.3,,-0.1,0.0,-0.1,-0.278,,-13.7,-10.1,-23.7,-0.1,
Isaac Bonga,SF,20,WAS,38,662,11.0,.620,.239,.376,6.0,14.8,10.2,7.7,2.0,1.4,16.0,10.2,,0.8,0.2,1.1,.077,,-0.9,0.2,-0.7,0.2,
Devin Booker,SG,23,PHO,41,1473,21.0,.630,.287,.386,1.7,10.9,6.2,29.4,1.1,0.5,15.6,29.4,,3.7,0.8,4.5,.147,,3.9,-2.0,1.9,1.4,
Chris Boucher,PF,27,TOR,38,483,20.2,.561,.366,.413,15.9,20.1,18.0,5.3,1.3,6.7,7.3,19.4,,1.2,1.0,2.2,.216,,0.5,2.2,2.6,0.6,
Brian Bowen,SG,21,IND,3,10,1.0,.250,.250,.000,0.0,11.0,5.5,0.0,0.0,8.6,0.0,17.6,,0.0,0.0,0.0,-0.146,,-12.5,-0.4,-12.9,0.0,
Ky Bowman,PG,22,GSW,37,827,9.4,.490,.341,.110,2.2,10.1,6.0,19.3,2.1,0.5,15.0,16.7,,-0.3,0.5,0.2,.009,,-3.1,-1.2,-4.3,-0.5,
Avery Bradley,SG,29,LAL,30,697,7.4,.506,.341,.055,2.3,8.1,5.3,6.1,1.9,0.3,12.8,15.7,,-0.3,0.8,0.5,.033,,-2.9,-0.3,-3.2,-0.2,
Tony Bradley,C,22,UTA,33,340,19.8,.632,.000,.307,18.5,25.2,22.0,4.1,1.3,3.6,13.6,17.1,,0.9,0.6,1.5,.217,,0.0,1.0,1.0,0.3,
Jarrell Brantley,PF,23,UTA,2,9,10.2,,,,0.0,45.9,24.1,13.3,0.0,18.2,100.0,4.9,,0.0,0.0,0.0,.065,,-11.5,15.0,3.5,0.0,
Ignas Brazdeikis,SF,21,NYK,9,53,3.4,.351,.409,.227,3.8,6.1,4.9,10.9,0.0,1.8,7.6,20.9,,-0.1,0.0,-0.1,-0.115,,-6.4,-4.1,-10.6,-0.1,
Mikal Bridges,SF,23,PHO,44,1050,12.8,.624,.348,.300,3.5,14.2,8.7,7.5,2.7,1.6,12.9,12.2,,1.2,1.2,2.4,.111,,-0.7,1.9,1.2,0.9,
Miles Bridges,SF,21,CHO,45,1363,11.6,.529,.391,.156,4.3,15.8,9.8,9.7,1.0,2.3,12.7,18.9,,0.1,0.7,0.8,.030,,-2.1,-0.4,-2.5,-0.2,
Oshae Brissett,SF,21,TOR,13,113,6.8,.460,.400,.200,7.5,10.9,9.2,4.8,1.3,0.8,10.9,13.8,,0.0,0.1,0.1,.056,,-3.8,-0.3,-4.1,-0.1,
Ryan Broekhoff,SG,29,DAL,10,77,16.3,.669,.800,.240,1.4,17.2,9.5,7.3,1.3,1.1,6.7,16.4,,0.2,0.1,0.3,.177,,2.3,-1.9,0.4,0.0,
Malcolm Brogdon,PG,27,IND,33,994,19.1,.548,.291,.265,2.5,13.1,7.8,36.4,1.2,0.5,13.9,26.4,,1.8,1.0,2.8,.133,,2.6,-0.9,1.7,0.9,
Dillon Brooks,SG,24,MEM,44,1229,12.7,.532,.410,.198,4.0,9.0,6.5,10.6,1.6,1.1,9.8,24.1,,0.5,0.6,1.1,.044,,-0.2,-2.2,-2.5,-0.1,
Bruce Brown,SG,23,DET,43,1167,12.0,.511,.216,.297,4.0,13.5,8.8,19.9,2.2,1.6,16.8,16.1,,0.5,1.1,1.6,.065,,-1.7,1.3,-0.4,0.5,
Charlie Brown,SG,22,ATL,5,27,17.4,.533,.400,.500,7.9,8.0,7.9,5.2,0.0,6.2,0.0,18.7,,0.1,0.0,0.1,.137,,-0.9,-2.1,-3.0,0.0,
Jaylen Brown,SF,23,BOS,36,1202,18.0,.597,.362,.311,3.6,18.2,10.9,11.0,1.7,0.7,11.8,24.2,,1.9,1.7,3.7,.147,,1.6,-0.1,1.4,1.0,
Moses Brown,C,20,POR,7,23,9.0,.465,.000,.444,13.5,35.0,24.4,0.0,2.1,0.0,21.8,25.4,,-0.1,0.0,0.0,-0.053,,-11.9,-7.2,-19.1,-0.1,
Sterling Brown,SF,24,MIL,32,477,10.1,.499,.513,.200,4.6,19.8,12.7,8.5,1.8,0.7,15.1,16.7,,-0.1,1.0,0.8,.083,,-3.2,1.0,-2.2,0.0,
Troy Brown,SG,20,WAS,40,1027,14.2,.536,.266,.229,4.8,20.9,12.5,11.3,2.5,0.3,10.7,17.4,,0.8,0.6,1.4,.065,,-0.8,-0.2,-1.1,0.2,
Jalen Brunson,PG,23,DAL,43,721,15.2,.540,.332,.183,2.7,11.9,7.4,28.1,1.3,0.3,13.5,19.8,,1.2,0.5,1.7,.116,,0.2,-1.7,-1.5,0.1,
Thomas Bryant,C,22,WAS,23,593,18.5,.612,.181,.257,8.1,24.2,15.8,13.1,0.7,3.1,12.4,18.6,,1.2,0.2,1.5,.118,,0.6,0.0,0.6,0.4,
Reggie Bullock,SG,28,NYK,11,275,11.3,.502,.505,.056,2.5,5.1,3.8,7.9,3.0,0.0,5.2,17.8,,0.1,0.2,0.3,.047,,-0.2,-1.6,-1.8,0.0,
Trey Burke,PG,27,PHI,22,311,16.5,.562,.298,.149,5.0,7.0,6.0,24.4,1.1,0.3,8.5,19.6,,0.7,0.3,1.0,.150,,1.1,-2.5,-1.3,0.1,
Alec Burks,SG,28,GSW,43,1261,16.3,.546,.356,.363,2.8,14.9,8.6,17.7,1.7,1.1,9.4,23.4,,1.7,0.8,2.5,.094,,0.5,-1.2,-0.7,0.4,
Deonte Burton,SG,26,OKC,26,214,4.7,.388,.453,.147,2.7,14.5,8.8,6.0,0.9,2.7,9.1,18.1,,-0.5,0.2,-0.2,-0.053,,-6.4,-0.9,-7.3,-0.3,
Jimmy Butler,SF,30,MIA,38,1330,23.8,.581,.196,.720,6.5,15.3,11.2,28.8,2.6,1.6,12.1,25.0,,4.5,1.9,6.4,.230,,3.4,1.9,5.3,2.4,
Bruno Caboclo,SF,24,MEM,22,192,12.0,.441,.362,.043,9.5,14.9,12.2,7.0,2.4,5.4,9.1,16.8,,-0.1,0.2,0.2,.040,,-3.1,1.8,-1.4,0.0,
Kentavious Caldwell-Pope,SG,26,LAL,44,1122,12.2,.594,.462,.208,2.9,6.7,4.8,9.5,1.4,0.8,9.5,15.1,,1.7,1.1,2.8,.120,,0.7,-0.6,0.1,0.6,
Vlatko Čančar,SF,22,DEN,8,15,23.4,.717,.500,.500,7.3,7.4,7.3,27.8,3.3,0.0,17.0,17.0,,0.1,0.0,0.1,.270,,4.7,-1.4,3.3,0.0,
Clint Capela,C,25,HOU,36,1200,21.1,.630,.000,.253,13.2,30.4,21.8,5.7,1.3,4.7,12.3,15.9,,2.9,2.0,4.9,.195,,-0.7,2.5,1.8,1.1,
DeMarre Carroll,SF,33,SAS,15,135,5.1,.437,.448,.690,5.5,18.8,12.2,10.0,0.7,1.3,20.9,15.2,,-0.2,0.1,-0.1,-0.032,,-5.0,-1.1,-6.1,-0.1,
Jevon Carter,PG,24,PHO,29,393,8.8,.495,.545,.089,3.3,11.4,7.3,13.5,2.5,1.8,17.3,13.7,,-0.1,0.4,0.3,.037,,-2.8,0.9,-1.8,0.0,
Vince Carter,SF,43,ATL,38,572,6.5,.449,.677,.106,1.5,12.1,6.7,8.9,1.1,2.3,10.0,16.7,,-0.6,0.3,-0.3,-0.025,,-3.9,-1.6,-5.5,-0.5,
Wendell Carter,C,20,CHI,37,1109,16.2,.592,.091,.417,12.2,24.0,17.9,6.1,1.3,2.8,14.5,16.5,,1.7,1.6,3.3,.144,,-1.4,1.6,0.2,0.6,
Michael Carter-Williams,SG,28,ORL,22,359,13.3,.466,.286,.311,5.7,14.3,9.8,18.3,3.1,2.3,13.4,18.8,,-0.1,0.6,0.6,.074,,-2.5,2.4,-0.1,0.2,
Alex Caruso,PG,25,LAL,41,783,9.8,.530,.409,.312,1.4,9.5,5.6,11.6,2.4,1.4,14.9,13.5,,0.3,1.1,1.4,.085,,-2.0,1.1,-0.9,0.2,
Willie Cauley-Stein,C,26,GSW,41,940,16.5,.573,.000,.222,7.7,21.5,14.4,10.1,2.3,4.8,11.0,14.3,,1.1,1.2,2.3,.119,,-2.2,3.3,1.1,0.7,
Tyson Chandler,C,37,HOU,25,219,10.9,.717,.000,.722,11.8,19.2,15.5,3.5,1.3,3.1,25.2,5.9,,0.3,0.3,0.6,.129,,-2.3,1.4,-0.8,0.1,
Wilson Chandler,SF,32,BRK,14,281,9.4,.547,.558,.130,1.1,21.6,11.6,9.2,1.5,1.5,16.4,14.4,,0.0,0.4,0.4,.062,,-3.7,1.2,-2.5,0.0,
Zylan Cheatham,SF,24,NOP,3,31,0.2,.400,.200,.000,3.3,17.4,10.2,8.1,0.0,2.7,37.5,10.7,,-0.1,0.0,-0.1,-0.092,,-8.8,0.2,-8.6,-0.1,
Chris Chiozza,PG,24,TOT,11,130,8.2,.365,.486,.000,0.0,13.9,6.7,27.9,3.6,1.3,19.6,14.7,,-0.2,0.1,-0.1,-0.024,,-4.6,-0.3,-4.9,-0.1,
Marquese Chriss,PF,22,GSW,41,720,17.9,.569,.102,.436,11.1,22.3,16.5,16.1,1.6,4.4,17.3,19.1,,0.8,0.8,1.6,.109,,-1.6,2.2,0.6,0.5,
Gary Clark,PF,25,TOT,23,281,12.3,.576,.827,.093,6.9,14.5,10.7,5.7,0.3,2.8,4.9,12.1,,0.5,0.2,0.7,.127,,-0.4,-1.8,-2.1,0.0,
Brandon Clarke,PF,23,MEM,38,816,21.7,.682,.144,.223,6.4,21.3,13.9,10.8,0.9,3.4,9.7,18.9,,2.4,0.7,3.1,.180,,1.9,0.3,2.3,0.9,
Jordan Clarkson,SG,27,TOT,43,1020,18.0,.572,.483,.225,3.3,8.1,5.7,14.5,1.2,1.0,8.5,25.3,,1.9,0.4,2.3,.110,,2.6,-3.0,-0.4,0.4,
Nicolas Claxton,PF,20,BRK,12,156,15.4,.576,.167,.357,10.7,10.2,10.5,13.5,0.3,4.2,12.6,14.8,,0.3,0.2,0.4,.127,,-1.1,1.1,0.0,0.1,
Chris Clemons,SG,22,HOU,25,224,14.6,.587,.775,.045,0.9,8.2,4.6,13.2,1.2,1.9,12.4,23.6,,0.2,0.2,0.4,.085,,0.6,-3.6,-3.0,-0.1,
Antonius Cleveland,SG,25,DAL,3,14,7.4,.667,.333,.000,0.0,21.8,11.2,0.0,0.0,0.0,25.0,12.2,,0.0,0.0,0.0,-0.001,,-6.8,-4.6,-11.4,0.0,
Amir Coffey,SG,22,LAC,2,5,35.9,.833,.667,.000,0.0,0.0,0.0,43.0,0.0,0.0,0.0,24.7,,0.0,0.0,0.0,.450,,14.7,-12.4,2.3,0.0,
John Collins,PF,22,ATL,19,583,21.0,.591,.281,.204,8.2,26.6,17.3,7.4,1.2,5.7,9.8,23.2,,0.9,0.7,1.6,.133,,-0.2,0.8,0.6,0.4,
Zach Collins,PF,22,POR,3,86,9.1,.624,.368,.316,4.8,9.4,7.1,9.4,0.0,1.9,21.7,13.6,,0.1,0.0,0.1,.049,,-1.8,-1.6,-3.4,0.0,
Mike Conley,PG,32,UTA,25,699,12.6,.498,.414,.260,2.6,8.9,5.9,22.7,1.3,0.5,12.6,23.3,,0.3,0.7,1.0,.071,,-0.4,-0.9,-1.4,0.1,
Pat Connaughton,SG,27,MIL,41,724,10.9,.532,.520,.143,4.5,17.8,11.6,11.9,0.8,2.7,15.5,12.6,,0.4,1.3,1.7,.116,,-2.0,2.3,0.2,0.4,
Quinn Cook,PG,26,LAL,29,366,11.4,.533,.374,.061,1.8,9.0,5.5,14.3,1.3,0.2,12.7,20.1,,0.1,0.4,0.4,.057,,-2.0,-2.2,-4.2,-0.2,
Tyler Cook,PF,22,CLE,9,31,25.4,.799,.000,.750,14.1,14.2,14.2,5.2,1.6,0.0,8.6,16.1,,0.2,0.0,0.2,.273,,4.2,-2.9,1.3,0.0,
Robert Covington,PF,29,MIN,43,1252,13.9,.570,.625,.191,2.6,19.0,10.5,6.2,2.7,2.6,11.8,17.9,,0.7,1.7,2.4,.091,,-0.5,1.4,0.9,0.9,
Allen Crabbe,SG,27,TOT,30,559,6.9,.474,.656,.078,1.9,11.2,6.5,7.7,1.2,0.6,7.5,12.8,,-0.1,0.2,0.1,.010,,-2.9,-1.7,-4.7,-0.4,
Torrey Craig,SF,29,DEN,31,451,8.3,.492,.481,.192,5.3,13.0,9.1,5.3,1.3,3.8,11.0,12.2,,0.1,0.5,0.6,.063,,-3.0,1.2,-1.7,0.0,
Jae Crowder,SF,29,MEM,41,1214,10.8,.500,.669,.213,3.4,18.8,11.1,12.3,1.6,1.0,11.3,15.9,,0.3,0.9,1.2,.047,,-0.7,0.1,-0.5,0.5,
Jarrett Culver,SG,20,MIN,43,1065,10.0,.453,.386,.210,5.2,10.0,7.5,12.0,1.8,2.3,11.6,20.1,,-1.0,0.9,0.0,-0.002,,-3.2,0.1,-3.1,-0.3,
Seth Curry,SG,29,DAL,41,923,13.9,.602,.572,.172,2.2,6.6,4.5,10.9,1.2,0.6,10.1,18.4,,1.6,0.5,2.1,.111,,1.6,-2.2,-0.6,0.3,
Stephen Curry,PG,31,GSW,4,112,20.8,.548,.561,.273,3.7,15.7,9.5,42.4,2.1,1.6,16.9,33.7,,0.1,0.1,0.2,.078,,4.6,-1.2,3.4,0.2,
Troy Daniels,SG,28,LAL,33,398,9.7,.549,.704,.074,2.0,8.0,5.1,4.0,1.0,0.4,4.8,15.6,,0.3,0.3,0.7,.082,,-0.5,-2.5,-3.0,-0.1,
Anthony Davis,PF,26,LAL,37,1284,28.4,.607,.192,.454,7.0,21.5,14.4,15.0,2.1,6.4,9.7,29.7,,4.4,2.7,7.1,.265,,3.3,3.7,7.0,2.9,
Ed Davis,C,30,UTA,22,239,6.8,.394,.000,.344,11.9,27.2,20.0,4.3,1.8,3.1,26.1,9.1,,-0.1,0.5,0.3,.070,,-5.2,3.8,-1.4,0.0,
Terence Davis,SG,22,TOR,44,745,14.9,.599,.557,.126,4.7,16.4,10.6,17.2,1.5,1.0,14.7,17.9,,1.1,1.1,2.2,.143,,0.8,0.6,1.5,0.7,
Dewayne Dedmon,C,30,SAC,29,417,8.3,.486,.427,.182,10.0,25.1,17.3,3.9,1.1,3.0,20.2,20.2,,-0.6,0.4,-0.2,-0.018,,-5.7,-1.1,-6.8,-0.5,
Matthew Dellavedova,PG,29,CLE,41,524,7.9,.438,.533,.233,2.5,7.8,5.1,28.2,1.4,0.2,20.9,13.7,,0.0,0.0,0.0,.002,,-3.0,-3.1,-6.2,-0.6,
DeMar DeRozan,SF,30,SAS,43,1473,21.5,.600,.039,.394,2.0,15.2,8.7,24.1,1.5,0.7,11.8,26.6,,3.7,0.8,4.5,.147,,2.2,-0.9,1.3,1.2,
Cheick Diallo,C,23,PHO,28,257,18.6,.700,.025,.316,7.1,23.6,15.1,8.4,1.1,1.3,13.5,17.1,,0.6,0.2,0.9,.164,,-0.9,-0.6,-1.5,0.0,
Hamidou Diallo,SF,21,OKC,25,487,8.9,.476,.152,.218,4.7,12.5,8.7,5.1,2.3,0.9,12.6,18.7,,-0.5,0.6,0.1,.010,,-4.7,-0.1,-4.7,-0.3,
Gorgui Dieng,C,30,MIN,40,724,18.5,.565,.424,.218,9.4,25.1,17.0,11.4,2.3,4.3,11.9,18.3,,1.1,1.2,2.3,.149,,0.0,2.7,2.7,0.9,
Spencer Dinwiddie,SG,26,BRK,42,1304,18.1,.537,.371,.408,1.4,9.0,5.3,35.1,1.1,0.9,12.5,31.1,,1.8,1.1,3.0,.109,,2.4,-2.0,0.4,0.8,
Donte DiVincenzo,SG,23,MIL,41,930,14.7,.551,.477,.156,4.1,15.0,9.9,13.4,3.1,1.0,13.2,16.9,,0.8,2.1,2.9,.149,,0.0,2.6,2.6,1.1,
Luka Dončić,PG,20,DAL,39,1282,30.1,.597,.449,.459,4.7,25.6,15.4,47.9,1.5,0.5,15.0,37.3,,5.3,1.6,6.9,.259,,10.2,2.1,12.3,4.6,
Luguentz Dort,SG,20,OKC,10,193,3.1,.440,.488,.372,1.8,5.0,3.4,6.2,1.5,0.0,12.3,13.0,,-0.2,0.1,0.0,-0.011,,-3.9,-1.2,-5.1,-0.2,
Damyean Dotson,SG,25,NYK,38,644,10.6,.507,.560,.107,1.1,10.9,5.8,10.7,1.3,0.6,6.4,16.5,,0.3,0.2,0.5,.037,,-1.2,-2.2,-3.4,-0.2,
Sekou Doumbouya,SF,19,DET,18,340,10.3,.552,.394,.275,2.7,17.1,9.9,3.5,1.3,1.2,10.3,17.3,,0.1,0.3,0.3,.049,,-2.9,-1.7,-4.6,-0.2,
PJ Dozier,PG,23,DEN,5,77,12.5,.526,.256,.000,1.4,14.4,7.8,21.4,0.0,0.0,9.3,24.2,,0.0,0.0,0.1,.051,,-1.7,-3.7,-5.4,-0.1,
Goran Dragić,PG,33,MIA,34,951,16.1,.577,.471,.296,1.9,9.9,6.1,29.0,1.0,0.7,16.0,25.7,,1.2,0.7,1.9,.098,,1.4,-2.5,-1.0,0.2,
Andre Drummond,C,26,DET,42,1406,22.0,.554,.036,.383,14.9,37.7,26.4,13.2,3.0,4.4,18.8,24.8,,0.8,2.9,3.7,.127,,-1.5,4.8,3.3,1.9,
Jared Dudley,SF,34,LAL,30,256,6.9,.604,.711,.053,1.3,10.4,6.0,8.5,1.7,0.7,13.4,7.4,,0.2,0.3,0.5,.098,,-1.5,0.4,-1.0,0.1,
Kris Dunn,PG,25,CHI,46,1157,11.7,.496,.336,.157,2.0,14.0,7.8,19.2,3.8,1.2,15.2,14.8,,0.1,2.0,2.0,.084,,-2.2,2.8,0.6,0.8,
Carsen Edwards,SG,21,BOS,28,279,7.0,.445,.610,.130,1.9,13.4,7.7,10.6,1.7,0.6,12.4,18.4,,-0.3,0.4,0.1,.013,,-3.6,-1.0,-4.5,-0.2,
Henry Ellenson,PF,23,BRK,5,15,-1.1,.143,.571,.000,13.9,26.6,20.4,8.9,0.0,0.0,0.0,19.4,,-0.1,0.0,-0.1,-0.181,,-9.8,-2.9,-12.7,0.0,
Wayne Ellington,SG,32,NYK,23,330,5.8,.457,.818,.061,0.6,11.8,6.0,9.8,1.2,0.6,12.1,14.8,,-0.3,0.1,-0.1,-0.021,,-3.0,-2.0,-5.0,-0.2,
Joel Embiid,C,25,PHI,31,963,25.5,.590,.234,.500,9.1,34.3,21.8,17.7,1.3,3.7,13.1,31.8,,2.3,1.9,4.2,.211,,1.8,2.4,4.2,1.5,
James Ennis,SF,29,PHI,44,736,12.8,.571,.477,.285,7.3,14.4,10.8,7.4,1.4,1.5,10.7,15.8,,1.0,1.0,1.9,.126,,-0.4,-0.1,-0.5,0.3,
Drew Eubanks,PF,22,SAS,7,38,21.5,.685,.000,.214,16.9,27.8,22.4,8.2,0.0,2.3,20.7,21.9,,0.1,0.0,0.1,.150,,-0.5,-2.2,-2.7,0.0,
Jacob Evans,SG,22,GSW,22,330,3.1,.407,.266,.211,2.2,8.7,5.3,9.7,1.0,2.2,17.3,18.5,,-0.8,0.1,-0.7,-0.102,,-7.9,-1.7,-9.6,-0.6,
Dante Exum,SG,24,TOT,22,279,9.7,.582,.351,.338,1.2,11.6,6.5,11.4,1.0,1.2,19.8,16.4,,0.0,0.1,0.2,.026,,-3.0,-1.3,-4.3,-0.2,
Tacko Fall,C,24,BOS,4,21,23.9,.690,.000,.273,0.0,51.0,25.6,0.0,0.0,8.6,19.6,31.1,,0.0,0.1,0.0,.077,,-10.7,-4.2,-14.8,-0.1,
Derrick Favors,C,28,NOP,26,628,20.8,.631,.021,.182,14.2,30.5,22.2,12.3,1.2,3.8,14.0,15.5,,1.6,0.7,2.3,.175,,0.6,2.5,3.1,0.8,
Cristiano Felício,PF,27,CHI,6,71,16.7,.788,.000,.250,13.2,12.7,13.0,8.3,0.7,0.0,13.1,9.2,,0.2,0.1,0.3,.195,,1.1,-0.7,0.3,0.0,
Terrance Ferguson,SF,21,OKC,36,935,4.8,.533,.771,.066,2.4,4.6,3.5,4.8,1.1,1.1,13.2,9.3,,0.1,0.6,0.7,.034,,-1.2,0.1,-1.1,0.2,
Bruno Fernando,C,21,ATL,40,490,11.7,.526,.207,.289,10.6,17.9,14.2,11.3,1.3,2.4,18.3,15.8,,0.1,0.4,0.5,.049,,-2.9,0.2,-2.7,-0.1,
Yogi Ferrell,PG,26,SAC,33,408,12.5,.536,.372,.234,1.3,10.0,5.5,17.7,1.3,0.7,11.2,18.1,,0.4,0.2,0.6,.068,,-1.8,-2.3,-4.1,-0.2,
Dorian Finney-Smith,PF,26,DAL,43,1272,12.3,.593,.580,.218,7.2,11.3,9.3,6.3,1.1,1.5,10.6,12.6,,2.1,1.0,3.0,.114,,1.4,0.3,1.7,1.2,
Bryn Forbes,SG,26,SAS,43,1107,10.6,.546,.640,.145,1.0,8.2,4.6,9.4,0.9,0.0,8.4,19.0,,0.7,0.2,0.8,.035,,0.6,-3.5,-2.9,-0.2,
Evan Fournier,SG,27,ORL,44,1380,17.1,.599,.445,.253,0.5,8.4,4.3,18.1,1.6,0.5,11.6,24.6,,2.1,1.4,3.5,.122,,2.4,-1.8,0.7,0.9,
De'Aaron Fox,PG,22,SAC,26,815,20.2,.551,.221,.403,3.0,12.6,7.6,38.1,2.3,1.4,16.1,28.8,,1.1,0.7,1.9,.109,,2.0,-0.2,1.8,0.8,
Melvin Frazier,SG,23,ORL,11,43,9.2,.480,.412,.235,2.4,7.6,4.9,3.5,3.4,4.2,9.6,20.9,,0.0,0.1,0.0,.032,,-4.5,0.8,-3.7,0.0,
Michael Frazier,SG,25,HOU,4,20,6.5,.417,.833,.000,5.2,10.2,7.7,6.6,2.3,0.0,0.0,12.3,,0.0,0.0,0.0,.061,,-1.9,-1.6,-3.5,0.0,
Tim Frazier,PG,29,DET,26,351,10.2,.468,.323,.258,2.9,7.6,5.3,36.1,1.9,0.9,25.3,17.1,,0.0,0.2,0.2,.030,,-3.4,-2.5,-5.9,-0.3,
Markelle Fultz,PG,21,ORL,44,1208,14.3,.514,.165,.201,1.8,12.1,6.8,27.2,2.2,0.6,14.6,21.4,,0.3,1.5,1.8,.072,,-1.6,0.3,-1.3,0.2,
Wenyen Gabriel,PF,22,SAC,11,61,7.7,.444,.471,.588,7.2,11.4,9.2,6.8,2.4,3.1,18.9,18.8,,-0.1,0.1,0.0,-0.028,,-5.2,0.1,-5.1,0.0,
Daniel Gafford,C,21,CHI,32,411,17.9,.666,.000,.364,9.6,10.7,10.1,5.3,1.1,9.7,11.6,13.5,,0.9,0.6,1.5,.173,,-1.3,4.5,3.1,0.5,
Danilo Gallinari,PF,31,OKC,38,1164,19.7,.612,.557,.353,2.6,17.7,10.4,11.3,1.1,0.3,8.3,24.3,,3.0,1.1,4.1,.169,,3.5,-1.8,1.7,1.1,
Langston Galloway,SG,28,DET,45,1139,12.7,.585,.623,.196,1.8,7.8,4.8,8.5,1.6,0.6,6.4,16.0,,1.7,0.6,2.3,.095,,1.3,-1.6,-0.3,0.5,
Darius Garland,PG,20,CLE,44,1316,8.9,.503,.446,.117,1.6,5.8,3.7,18.4,1.3,0.0,18.0,21.3,,-1.0,-0.1,-1.1,-0.039,,-2.1,-3.2,-5.3,-1.1,
Marc Gasol,C,35,TOR,32,891,12.0,.545,.528,.165,2.9,20.7,11.9,17.2,1.5,3.3,15.6,12.9,,0.7,1.7,2.4,.128,,-1.2,3.7,2.6,1.0,
Rudy Gay,PF,33,SAS,40,889,15.2,.554,.381,.249,4.8,22.6,13.7,11.3,1.0,2.2,13.3,21.1,,0.6,0.7,1.3,.069,,-0.9,-0.6,-1.5,0.1,
Paul George,SF,29,LAC,26,799,20.9,.586,.515,.286,1.6,18.0,10.0,19.7,2.2,1.3,14.0,31.1,,1.2,1.3,2.5,.149,,3.2,0.5,3.7,1.1,
Taj Gibson,C,34,NYK,42,697,14.2,.576,.055,.187,10.7,16.5,13.5,8.9,1.5,2.2,15.1,14.1,,0.9,0.5,1.4,.094,,-1.3,0.8,-0.5,0.3,
Harry Giles,PF,21,SAC,18,194,12.4,.493,.000,.177,6.8,22.2,14.2,17.8,2.5,2.0,17.4,23.1,,-0.1,0.2,0.1,.029,,-4.7,1.3,-3.4,-0.1,
Shai Gilgeous-Alexander,SG,21,OKC,45,1600,17.9,.566,.227,.329,2.3,16.0,9.4,13.8,1.7,1.2,10.0,24.1,,2.2,1.8,4.0,.120,,0.3,0.3,0.5,1.0,
Rudy Gobert,C,27,UTA,42,1438,23.1,.687,.000,.640,12.2,32.6,22.9,7.4,1.0,4.7,14.2,16.9,,4.4,3.0,7.4,.248,,1.5,4.1,5.5,2.7,
Brandon Goodwin,PG,24,ATL,16,205,12.9,.519,.463,.147,2.1,14.8,8.4,19.2,1.8,1.2,12.9,23.5,,0.0,0.1,0.1,.033,,-1.6,-2.1,-3.6,-0.1,
Aaron Gordon,PF,24,ORL,39,1225,13.6,.501,.320,.252,5.4,19.1,12.0,14.6,1.1,1.5,10.6,20.6,,0.3,1.6,1.9,.073,,-1.4,0.9,-0.6,0.5,
Eric Gordon,SG,31,HOU,19,550,8.1,.494,.680,.166,1.1,5.4,3.3,6.0,0.6,0.8,8.0,21.4,,-0.1,0.2,0.1,.005,,-2.1,-3.9,-6.0,-0.6,
Devonte' Graham,PG,24,CHO,45,1585,16.3,.538,.608,.255,2.4,9.2,5.7,35.9,1.2,0.7,14.7,25.2,,2.1,0.4,2.5,.077,,3.2,-3.0,0.2,0.9,
Treveon Graham,SG,26,TOT,35,684,6.2,.449,.478,.217,4.6,11.2,7.8,6.1,1.2,0.2,9.2,13.1,,-0.2,0.4,0.2,.012,,-3.7,-1.1,-4.8,-0.5,
Jerami Grant,PF,25,DEN,44,1081,13.2,.571,.395,.335,3.3,12.0,7.6,5.5,1.1,2.7,8.0,17.6,,1.3,1.1,2.3,.104,,-0.7,-0.4,-1.1,0.2,
Josh Gray,PG,26,NOP,2,23,-5.0,.500,.000,.000,4.5,4.7,4.6,10.6,0.0,0.0,71.4,12.6,,-0.1,0.0,-0.1,-0.237,,-11.5,-2.0,-13.5,-0.1,
Danny Green,SG,32,LAL,43,1079,12.0,.570,.686,.116,3.1,12.2,7.8,6.9,2.3,1.6,9.7,14.6,,1.0,1.6,2.6,.115,,0.7,1.1,1.7,1.0,
Draymond Green,PF,29,GSW,33,960,12.2,.482,.388,.271,1.9,21.6,11.4,27.6,2.4,2.3,20.4,15.9,,-0.3,1.1,0.8,.040,,-3.0,2.0,-0.9,0.3,
JaMychal Green,PF,29,LAC,36,763,10.6,.542,.678,.171,7.4,23.7,15.7,4.5,1.0,1.7,13.4,13.7,,0.5,1.2,1.6,.103,,-1.3,0.7,-0.6,0.3,
Javonte Green,SF,26,BOS,35,293,14.1,.587,.229,.361,4.0,15.0,9.5,6.2,2.3,1.5,10.3,15.6,,0.4,0.5,0.8,.136,,-1.6,0.5,-1.1,0.1,
Jeff Green,PF,33,UTA,30,553,10.3,.523,.533,.323,2.9,12.5,7.9,5.2,1.1,1.5,10.8,19.8,,0.0,0.7,0.7,.061,,-2.0,-0.8,-2.8,-0.1,
Blake Griffin,PF,30,DET,18,512,12.0,.476,.444,.392,3.8,14.6,9.2,17.5,0.7,1.1,12.0,28.1,,-0.3,0.3,0.0,-0.004,,-2.0,-2.4,-4.4,-0.3,
Marko Guduric,SG,24,MEM,29,398,7.3,.473,.508,.148,3.2,11.7,7.5,12.3,1.1,1.5,17.5,17.3,,-0.4,0.2,-0.2,-0.026,,-3.9,-1.4,-5.3,-0.3,
Kyle Guy,SG,22,SAC,1,3,-13.5,.000,1.000,.000,0.0,0.0,0.0,0.0,0.0,0.0,0.0,14.5,,0.0,0.0,0.0,-0.364,,-12.8,-5.4,-18.2,0.0,
Rui Hachimura,PF,21,WAS,25,729,14.3,.533,.158,.178,5.6,16.5,10.8,8.1,1.2,0.4,5.8,19.7,,0.8,0.1,0.9,.059,,-1.0,-2.4,-3.3,-0.2,
Devon Hall,SG,24,OKC,5,20,3.7,.370,.400,.800,0.0,5.4,2.8,19.3,0.0,0.0,12.9,17.1,,0.0,0.0,0.0,-0.061,,-6.8,-4.7,-11.5,0.0,
Tim Hardaway,SG,27,DAL,40,1047,15.1,.571,.587,.187,1.6,9.9,5.9,9.5,1.2,0.3,6.2,21.9,,1.8,0.6,2.5,.114,,1.9,-2.7,-0.7,0.3,
James Harden,SG,30,HOU,42,1559,30.1,.622,.552,.522,3.1,14.2,8.6,34.7,2.1,2.0,13.6,37.6,,7.1,1.8,8.8,.272,,9.9,-0.2,9.7,4.6,
Maurice Harkless,SF,26,LAC,44,992,9.8,.576,.319,.223,4.6,13.3,9.0,5.5,2.1,2.5,16.9,10.3,,0.5,1.5,1.9,.094,,-1.6,3.2,1.6,0.9,
Jared Harper,PG,22,PHO,1,2,-19.5,.000,1.000,.000,0.0,0.0,0.0,0.0,0.0,0.0,0.0,21.2,,0.0,0.0,0.0,-0.521,,-16.4,-7.4,-23.8,0.0,
Montrezl Harrell,C,26,LAC,44,1266,22.9,.594,.025,.423,10.2,15.2,12.8,10.3,1.1,3.3,10.5,26.0,,3.0,1.7,4.8,.181,,1.1,1.0,2.1,1.3,
Gary Harris,SG,25,DEN,37,1217,10.2,.521,.435,.171,1.8,7.4,4.6,9.1,2.2,0.8,8.9,15.2,,0.6,1.2,1.8,.070,,-0.8,0.2,-0.6,0.4,
Joe Harris,SF,28,BRK,41,1302,12.2,.583,.529,.138,3.0,10.3,6.7,10.1,1.0,0.8,11.0,17.6,,1.3,1.1,2.4,.089,,0.2,-0.5,-0.3,0.6,
Tobias Harris,PF,27,PHI,46,1579,17.0,.563,.314,.191,2.3,18.9,10.7,13.8,1.1,1.5,8.1,23.5,,2.2,2.1,4.3,.131,,0.4,0.1,0.5,1.0,
Shaquille Harrison,SF,26,CHI,27,193,15.0,.484,.231,.400,3.8,16.4,9.8,19.4,3.0,2.5,7.3,18.2,,0.2,0.3,0.5,.120,,-2.3,1.7,-0.6,0.1,
Josh Hart,SF,24,NOP,38,1078,11.3,.561,.697,.192,3.5,19.3,11.2,7.0,1.7,1.0,11.7,15.7,,0.7,0.8,1.5,.065,,-0.3,-0.4,-0.7,0.3,
Isaiah Hartenstein,C,21,HOU,19,242,20.0,.700,.050,.433,10.7,24.6,17.7,9.6,1.5,4.2,15.4,14.3,,0.7,0.4,1.1,.214,,-0.2,2.1,1.9,0.2,
Udonis Haslem,PF,39,MIA,2,11,16.2,.906,.000,4.000,0.0,29.0,15.3,0.0,0.0,0.0,0.0,11.1,,0.1,0.0,0.1,.291,,-1.8,-5.7,-7.5,0.0,
Jaxson Hayes,C,19,NOP,42,833,18.7,.683,.020,.707,9.2,16.1,12.6,7.1,1.2,5.0,11.2,15.0,,2.4,0.7,3.1,.178,,0.6,1.6,2.1,0.9,
Gordon Hayward,SF,29,BOS,27,861,18.1,.594,.312,.155,3.1,16.6,9.8,19.7,1.1,1.2,10.7,20.3,,1.8,1.1,2.9,.162,,2.0,0.4,2.4,1.0,
John Henson,PF,29,CLE,21,277,19.1,.546,.232,.317,8.7,23.1,15.9,16.4,2.1,7.6,13.8,16.8,,0.3,0.4,0.7,.122,,-0.8,4.4,3.7,0.4,
Dewan Hernandez,C,23,TOR,4,11,4.3,.340,.200,.400,19.4,46.5,33.2,0.0,4.3,0.0,14.5,26.7,,0.0,0.0,0.0,.009,,-13.7,-5.9,-19.6,0.0,
Juan Hernangómez,PF,24,DEN,29,342,6.2,.439,.595,.226,4.8,17.8,11.2,7.2,0.4,0.8,12.3,13.3,,-0.2,0.3,0.1,.013,,-4.2,-1.3,-5.4,-0.3,
Willy Hernangómez,C,25,CHO,16,119,22.2,.617,.224,.510,14.1,26.9,20.2,8.0,0.4,3.1,15.5,26.1,,0.2,0.1,0.2,.099,,-1.0,-2.6,-3.6,0.0,
Tyler Herro,SG,20,MIA,41,1137,11.9,.542,.472,.147,1.4,14.7,8.4,12.0,1.2,0.3,12.2,22.0,,0.1,1.1,1.2,.049,,-1.6,-1.6,-3.1,-0.3,
Kevin Hervey,PF,23,OKC,4,9,-13.5,.000,.750,.000,0.0,23.8,12.3,13.5,0.0,0.0,0.0,19.6,,-0.1,0.0,-0.1,-0.400,,-14.9,-2.9,-17.8,0.0,
Mario Hezonja,PF,24,POR,33,551,8.4,.510,.321,.313,3.9,19.7,11.9,6.5,1.7,0.6,15.8,13.6,,0.0,0.5,0.4,.038,,-3.5,-0.1,-3.6,-0.2,
Buddy Hield,SG,27,SAC,44,1513,14.4,.538,.559,.127,2.8,14.0,8.2,15.5,1.3,0.9,12.2,26.8,,0.4,0.9,1.3,.042,,1.0,-1.8,-0.8,0.5,
George Hill,PG,33,MIL,42,883,18.9,.689,.452,.233,4.6,9.4,7.2,19.3,1.6,0.4,11.1,15.7,,3.0,1.4,4.4,.239,,3.7,0.0,3.8,1.3,
Solomon Hill,SF,28,MEM,42,792,10.7,.536,.620,.144,3.0,14.5,8.7,13.2,1.8,0.8,12.6,13.8,,0.5,0.5,1.0,.059,,-0.7,-0.4,-1.1,0.2,
Jaylen Hoard,SF,20,POR,12,94,14.0,.473,.103,.379,14.3,18.2,16.3,6.0,2.5,0.0,10.6,17.1,,0.1,0.1,0.2,.077,,-2.3,-1.2,-3.5,0.0,
Aaron Holiday,PG,23,IND,43,995,13.0,.527,.402,.138,1.8,9.1,5.5,21.1,1.6,0.8,12.6,20.9,,0.5,1.0,1.5,.073,,-0.2,-1.0,-1.3,0.2,
Jrue Holiday,SG,29,NOP,36,1279,16.9,.523,.331,.165,3.7,10.7,7.2,27.6,2.2,1.8,13.8,25.6,,0.9,0.9,1.8,.066,,1.0,-0.2,0.8,0.9,
Justin Holiday,SG,30,IND,45,1138,11.9,.576,.650,.127,1.7,12.9,7.3,7.5,1.9,2.2,7.0,13.1,,1.1,1.5,2.7,.112,,0.6,1.5,2.1,1.2,
Rondae Hollis-Jefferson,SF,25,TOR,36,722,16.3,.535,.063,.444,11.6,15.2,13.4,12.8,2.2,1.9,11.9,17.9,,1.1,1.3,2.4,.161,,-0.7,2.5,1.7,0.7,
Richaun Holmes,C,26,SAC,37,1087,21.1,.692,.000,.301,11.4,21.5,16.3,5.4,1.8,4.5,11.6,15.9,,3.3,1.3,4.6,.203,,1.3,2.3,3.6,1.5,
Rodney Hood,SF,27,POR,21,619,12.4,.625,.413,.157,1.7,10.1,5.9,7.3,1.3,0.5,9.4,13.9,,1.0,0.2,1.2,.092,,0.6,-1.1,-0.5,0.2,
Al Horford,C,33,PHI,42,1303,15.9,.521,.372,.104,5.9,17.5,11.7,18.8,1.5,2.6,8.2,18.2,,1.7,2.0,3.7,.136,,0.7,2.0,2.7,1.5,
Talen Horton-Tucker,SG,19,LAL,2,5,15.1,.000,1.000,.000,0.0,0.0,0.0,45.0,9.6,0.0,0.0,8.5,,0.0,0.0,0.0,.107,,-5.5,-3.7,-9.2,0.0,
Danuel House,SF,26,HOU,37,1120,10.5,.566,.651,.184,3.5,9.8,6.7,5.3,1.4,1.5,9.1,13.2,,1.2,0.9,2.0,.087,,-0.3,-0.2,-0.6,0.4,
Dwight Howard,C,34,LAL,44,884,18.7,.694,.027,.644,14.2,27.4,21.0,4.8,1.0,6.4,18.6,14.2,,1.9,1.8,3.7,.199,,-0.4,3.3,2.9,1.1,
Kevin Huerter,SG,21,ATL,34,953,12.1,.537,.536,.134,2.3,14.1,8.2,17.9,1.5,1.4,14.0,18.4,,0.4,0.5,0.9,.044,,-0.7,-0.8,-1.4,0.1,
De'Andre Hunter,SF,22,ATL,44,1365,8.0,.504,.435,.203,1.8,11.4,6.6,8.4,1.0,0.7,12.1,18.0,,-0.6,0.4,-0.2,-0.008,,-3.0,-1.8,-4.8,-1.0,
Chandler Hutchison,SF,23,CHI,19,303,11.3,.539,.209,.547,1.4,21.2,10.9,6.4,2.9,1.6,15.1,17.7,,-0.1,0.5,0.4,.062,,-5.1,1.4,-3.7,-0.1,
Serge Ibaka,C,30,TOR,34,901,17.0,.568,.219,.211,8.5,24.1,16.5,7.9,0.9,3.0,13.1,24.3,,0.6,1.6,2.3,.121,,-1.9,0.8,-1.1,0.2,
Ersan İlyasova,PF,32,MIL,41,682,17.9,.618,.438,.275,7.4,23.3,15.9,7.9,1.1,1.7,8.1,17.2,,1.7,1.4,3.1,.215,,0.8,0.7,1.5,0.6,
Joe Ingles,SF,32,UTA,44,1314,13.8,.603,.622,.162,1.4,13.3,7.7,23.5,1.5,0.4,17.7,16.0,,2.0,1.6,3.6,.133,,1.9,0.6,2.5,1.5,
Brandon Ingram,PF,22,NOP,40,1386,21.0,.595,.337,.346,2.7,17.9,10.1,20.4,1.2,2.0,12.4,29.2,,2.9,0.9,3.8,.133,,2.8,-0.8,2.0,1.4,
Kyrie Irving,PG,27,BRK,15,491,26.1,.568,.330,.233,3.4,13.0,8.3,40.3,2.0,1.3,8.6,32.5,,1.6,0.6,2.2,.213,,7.2,0.3,7.6,1.2,
Jonathan Isaac,SF,22,ORL,32,949,17.2,.542,.283,.227,6.1,18.9,12.3,7.2,2.6,7.4,11.7,18.3,,0.5,2.0,2.5,.127,,-1.8,5.2,3.4,1.3,
Wesley Iwundu,SF,25,ORL,31,569,8.5,.469,.292,.380,3.2,12.6,7.8,7.4,1.7,1.6,9.1,13.4,,0.0,0.7,0.7,.058,,-4.0,1.0,-3.0,-0.1,
Frank Jackson,PG,21,NOP,36,498,8.1,.501,.460,.220,2.7,7.4,5.0,8.3,1.2,0.3,12.7,20.8,,-0.3,0.1,-0.2,-0.017,,-3.3,-3.5,-6.8,-0.6,
Jaren Jackson,C,20,MEM,43,1204,17.2,.597,.478,.215,4.0,14.2,9.1,7.8,1.1,4.6,10.2,24.5,,1.5,0.9,2.5,.099,,1.4,-0.7,0.7,0.8,
Justin Jackson,PF,24,DAL,38,611,10.3,.515,.514,.132,2.8,12.7,7.8,5.0,0.7,0.7,3.0,16.2,,0.6,0.4,0.9,.074,,-1.4,-2.3,-3.7,-0.3,
Reggie Jackson,PG,29,DET,3,55,23.2,.598,.480,.160,2.1,14.2,8.2,35.7,1.8,0.0,7.0,22.6,,0.2,0.0,0.3,.219,,5.1,-2.6,2.5,0.1,
Justin James,SG,23,SAC,25,205,9.2,.449,.343,.186,2.1,13.6,7.7,9.9,1.4,4.2,9.6,17.8,,-0.2,0.2,0.0,-0.002,,-5.1,0.2,-4.9,-0.1,
LeBron James,PG,35,LAL,42,1462,26.3,.572,.309,.278,3.3,20.2,11.9,50.7,1.9,1.2,14.8,31.5,,4.5,2.3,6.7,.222,,6.8,2.2,9.0,4.1,
Amile Jefferson,PF,26,ORL,15,70,7.9,.383,.000,.923,11.6,20.2,15.8,7.8,0.0,3.9,14.1,13.2,,-0.1,0.1,0.0,.022,,-6.8,1.2,-5.6,-0.1,
DaQuan Jeffries,SG,22,SAC,3,12,2.1,.333,.333,.000,9.1,0.0,4.7,11.3,0.0,0.0,0.0,10.9,,0.0,0.0,0.0,-0.005,,-3.5,-3.6,-7.2,0.0,
Ty Jerome,PG,22,PHO,14,153,9.0,.399,.396,.094,2.8,11.7,7.2,21.2,3.7,1.1,14.0,17.8,,-0.2,0.2,0.0,.003,,-4.2,0.8,-3.3,-0.1,
Alize Johnson,SF,23,IND,11,46,14.7,.541,.000,.429,14.4,21.4,17.9,6.1,0.0,0.0,5.7,16.8,,0.1,0.0,0.1,.149,,-1.7,-2.6,-4.3,0.0,
B.J. Johnson,SF,24,ORL,4,38,4.6,.393,.357,.000,2.7,8.6,5.5,7.9,2.6,0.0,17.6,19.4,,-0.1,0.0,-0.1,-0.093,,-7.6,-0.9,-8.5,-0.1,
Cameron Johnson,PF,23,PHO,38,754,11.8,.574,.683,.148,5.0,12.0,8.4,6.7,1.1,1.4,8.5,15.9,,0.8,0.5,1.3,.081,,0.3,-1.3,-1.0,0.2,
James Johnson,PF,32,MIA,14,230,14.4,.647,.515,.206,3.6,15.7,10.0,8.6,0.6,4.7,11.9,16.1,,0.3,0.3,0.6,.130,,-0.2,0.5,0.4,0.1,
Keldon Johnson,SF,20,SAS,2,7,-2.4,.250,.000,.000,0.0,30.2,15.2,0.0,0.0,0.0,0.0,24.6,,0.0,0.0,0.0,-0.266,,-18.1,-9.1,-27.2,0.0,
Stanley Johnson,PF,23,TOR,14,73,1.4,.342,.462,.154,4.4,16.8,10.7,7.5,2.0,1.3,20.1,20.3,,-0.3,0.1,-0.2,-0.109,,-9.3,0.3,-9.0,-0.1,
Tyler Johnson,SG,27,PHO,28,473,7.9,.470,.471,.191,2.3,9.7,5.9,13.7,1.0,1.3,11.4,17.2,,-0.2,0.3,0.1,.006,,-3.3,-1.5,-4.9,-0.3,
Nikola Jokić,C,24,DEN,44,1390,24.2,.588,.263,.268,8.2,26.7,17.4,33.1,1.5,1.6,14.4,26.4,,3.8,2.1,5.9,.203,,4.9,2.4,7.3,3.3,
Damian Jones,C,24,ATL,40,646,15.6,.719,.044,.471,8.5,14.6,11.5,5.5,1.1,4.1,11.8,11.9,,1.6,0.5,2.1,.156,,-0.3,0.7,0.4,0.4,
Derrick Jones,SF,22,MIA,30,728,12.7,.564,.391,.335,3.9,14.7,9.6,5.4,2.1,2.8,8.9,15.0,,0.7,1.0,1.7,.112,,-1.3,1.2,-0.1,0.3,
Tyus Jones,PG,23,MEM,44,833,14.0,.505,.266,.124,0.6,8.3,4.5,32.1,2.1,0.6,13.3,15.8,,1.0,0.4,1.4,.081,,-1.4,-2.4,-3.8,-0.4,
DeAndre Jordan,C,31,BRK,37,777,20.6,.675,.000,.443,11.7,35.0,23.6,14.2,0.9,3.7,18.0,14.3,,1.9,1.5,3.4,.210,,-0.7,3.9,3.2,1.0,
Cory Joseph,PG,28,SAC,44,1105,9.1,.482,.327,.156,2.3,9.8,5.9,18.9,1.4,1.2,14.8,13.3,,0.3,0.6,0.9,.040,,-2.6,-0.4,-3.0,-0.3,
Mfiondu Kabengele,C,22,LAC,10,44,18.6,.622,.545,.136,2.4,16.0,9.3,3.6,1.1,2.0,4.1,22.7,,0.1,0.1,0.2,.186,,1.3,-2.8,-1.5,0.0,
Frank Kaminsky,C,26,PHO,32,718,14.7,.554,.401,.315,4.5,20.0,12.1,14.7,0.9,1.2,9.4,20.7,,0.9,0.6,1.4,.095,,-0.2,-0.8,-1.0,0.2,
Enes Kanter,C,27,BOS,36,667,24.3,.622,.020,.268,17.3,30.0,23.7,9.0,1.2,4.3,12.4,20.1,,2.0,1.3,3.3,.236,,1.1,2.2,3.3,0.9,
Luke Kennard,SG,23,DET,28,922,14.4,.589,.535,.219,1.1,10.8,6.0,18.7,0.6,0.5,10.3,19.6,,1.7,0.3,2.0,.105,,1.9,-2.4,-0.4,0.4,
Stanton Kidd,SF,27,UTA,4,15,-13.7,.000,.333,.000,0.0,20.6,10.8,8.0,0.0,0.0,40.0,14.6,,-0.1,0.0,-0.1,-0.317,,-16.1,0.4,-15.7,-0.1,
Michael Kidd-Gilchrist,PF,26,CHO,12,160,6.2,.421,.321,.170,5.9,18.5,12.0,9.5,0.0,1.7,10.9,17.5,,-0.2,0.1,-0.1,-0.031,,-5.8,-2.1,-7.9,-0.2,
Louis King,SF,20,DET,5,13,13.3,.500,.429,.000,8.7,17.2,13.0,12.8,3.7,0.0,12.5,26.6,,0.0,0.0,0.0,.033,,-1.1,-1.3,-2.4,0.0,
Maxi Kleber,C,28,DAL,42,1060,13.9,.625,.627,.211,6.4,15.6,11.1,5.5,0.6,3.1,10.0,13.7,,2.1,1.0,3.0,.137,,1.3,0.3,1.6,1.0,
Brandon Knight,PG,28,CLE,16,241,5.7,.431,.744,.151,1.4,7.8,4.6,18.4,1.0,0.7,14.9,19.1,,-0.3,0.0,-0.3,-0.064,,-2.9,-3.6,-6.5,-0.3,
Kevin Knox,SF,20,NYK,44,840,10.3,.495,.517,.284,2.0,15.7,8.6,8.1,1.2,2.0,8.1,18.0,,0.1,0.5,0.5,.030,,-2.2,-1.1,-3.3,-0.3,
John Konchar,SG,23,MEM,2,8,1.4,,,,0.0,13.3,6.7,0.0,0.0,0.0,,0.0,,0.0,0.0,0.0,.002,,-7.3,-1.0,-8.2,0.0,
Furkan Korkmaz,SG,22,PHI,45,931,11.2,.569,.612,.125,1.2,10.3,5.8,5.8,1.2,0.9,7.6,17.7,,0.7,1.0,1.7,.086,,-0.6,-1.6,-2.2,0.0,
Luke Kornet,C,24,CHI,26,328,12.3,.508,.645,.145,3.5,13.1,8.1,9.5,1.0,6.1,6.4,16.3,,0.2,0.4,0.6,.090,,-1.9,1.5,-0.4,0.1,
Kyle Korver,SF,38,MIL,39,652,11.2,.623,.789,.137,1.5,9.2,5.6,9.2,1.3,0.9,13.7,14.8,,0.7,1.0,1.7,.125,,0.4,-0.3,0.1,0.3,
Rodions Kurucs,PF,21,BRK,27,359,8.2,.575,.446,.217,4.1,15.0,9.7,9.6,1.4,0.5,21.7,14.9,,-0.1,0.4,0.3,.045,,-3.5,0.1,-3.4,-0.1,
Kyle Kuzma,PF,24,LAL,35,869,11.9,.530,.424,.221,3.6,13.8,8.8,6.0,0.6,1.5,10.9,23.7,,0.0,0.9,0.9,.052,,-2.3,-2.2,-4.4,-0.5,
Skal Labissière,C,23,POR,33,567,15.5,.588,.088,.224,11.8,18.5,15.2,10.5,0.6,4.6,15.7,14.3,,1.0,0.5,1.5,.126,,-0.6,1.6,1.1,0.4,
Jeremy Lamb,SG,27,IND,34,976,13.9,.531,.338,.221,2.1,15.7,9.0,11.2,2.1,1.5,9.2,20.0,,0.5,1.4,1.9,.094,,-0.7,1.0,0.3,0.6,
Romeo Langford,SG,20,BOS,12,110,9.6,.568,.409,.364,4.9,5.8,5.4,2.4,1.3,1.6,7.3,10.7,,0.1,0.1,0.2,.105,,-1.5,-0.4,-2.0,0.0,
Zach LaVine,SG,24,CHI,46,1570,19.8,.571,.405,.290,2.1,13.4,7.5,20.5,2.0,1.3,12.7,31.4,,1.7,1.9,3.6,.109,,2.6,-0.7,1.9,1.5,
Jake Layman,PF,25,MIN,14,369,10.2,.539,.409,.076,3.3,8.4,5.7,4.6,1.5,2.2,11.7,17.3,,0.0,0.3,0.2,.028,,-2.6,-0.6,-3.2,-0.1,
T.J. Leaf,PF,22,IND,22,180,13.9,.476,.212,.152,12.2,24.3,18.3,4.7,1.9,1.4,7.9,18.6,,0.1,0.3,0.3,.093,,-3.1,-0.6,-3.7,-0.1,
Jalen Lecque,PG,19,PHO,1,2,-19.5,.000,.000,.000,0.0,0.0,0.0,0.0,0.0,0.0,0.0,21.2,,0.0,0.0,0.0,-0.521,,-22.2,-6.1,-28.3,0.0,
Courtney Lee,SG,34,DAL,10,80,12.7,.717,.522,.000,0.0,6.4,3.3,5.4,0.0,2.1,8.0,13.3,,0.2,0.0,0.2,.114,,0.4,-2.6,-2.2,0.0,
Damion Lee,SG,27,GSW,30,831,12.7,.529,.381,.295,3.2,17.6,10.1,14.3,1.6,0.3,11.4,19.7,,0.4,0.5,0.9,.054,,-1.5,-1.1,-2.6,-0.1,
Alex Len,C,26,ATL,39,731,17.9,.596,.218,.315,9.7,23.5,16.6,9.2,1.2,3.4,11.8,18.8,,1.2,0.7,1.9,.124,,-0.7,0.2,-0.4,0.3,
Kawhi Leonard,SF,28,LAC,34,1095,26.5,.575,.261,.331,3.5,19.7,11.8,27.2,2.9,1.7,12.1,34.2,,2.6,2.0,4.6,.204,,4.3,2.5,6.8,2.4,
Meyers Leonard,PF,27,MIA,44,886,11.6,.646,.533,.118,3.4,23.0,13.8,8.4,0.7,1.6,13.1,11.7,,1.1,1.0,2.2,.117,,-0.8,0.5,-0.3,0.4,
Caris LeVert,SG,25,BRK,17,471,10.2,.471,.275,.230,3.8,11.2,7.6,20.5,1.1,0.4,15.4,28.0,,-0.8,0.4,-0.4,-0.036,,-3.9,-1.5,-5.4,-0.4,
Damian Lillard,PG,29,POR,43,1586,25.3,.608,.498,.398,1.3,10.0,5.7,33.5,1.3,0.8,10.8,29.6,,6.2,0.6,6.8,.206,,8.1,-2.6,5.6,3.0,
Nassir Little,PF,19,POR,34,422,8.6,.461,.380,.306,6.1,15.5,10.9,5.7,1.0,2.4,9.6,13.6,,0.0,0.3,0.3,.032,,-3.3,-0.4,-3.7,-0.2,
Kevon Looney,C,23,GSW,10,105,6.6,.380,.063,.156,14.6,14.6,14.6,5.6,1.4,1.7,14.9,16.3,,-0.1,0.1,-0.1,-0.034,,-6.4,-1.1,-7.5,-0.1,
Brook Lopez,C,31,MIL,43,1130,14.0,.528,.533,.186,2.5,14.4,8.8,7.7,1.3,8.5,8.4,16.5,,0.6,2.7,3.3,.140,,-1.7,5.0,3.3,1.5,
Robin Lopez,C,31,MIL,42,600,11.8,.557,.328,.203,7.0,11.6,9.4,6.3,0.5,4.2,15.0,17.0,,0.2,1.0,1.2,.097,,-2.7,1.1,-1.5,0.1,
Kevin Love,PF,31,CLE,37,1159,17.9,.596,.506,.329,3.0,32.6,17.8,14.6,0.9,1.0,15.6,23.5,,1.4,0.8,2.2,.092,,0.8,-0.4,0.4,0.7,
Kyle Lowry,PG,33,TOR,33,1224,17.4,.578,.581,.400,1.7,10.8,6.3,30.3,1.5,1.1,14.3,23.2,,2.6,1.6,4.2,.165,,3.3,-0.2,3.1,1.6,
Timothé Luwawu-Cabarrot,SG,24,BRK,20,341,7.3,.563,.512,.274,2.7,11.1,7.0,5.4,1.4,0.2,16.8,13.8,,0.0,0.3,0.3,.045,,-3.4,-0.5,-3.9,-0.2,
Trey Lyles,PF,24,SAS,43,750,11.6,.508,.497,.116,7.4,27.6,17.6,9.0,0.8,1.7,12.0,12.9,,0.5,0.6,1.1,.068,,-1.7,0.1,-1.6,0.1,
Daryl Macon,SG,24,MIA,4,14,-2.9,.500,.667,.000,0.0,0.0,0.0,9.6,0.0,0.0,40.0,15.7,,0.0,0.0,0.0,-0.154,,-9.4,-5.9,-15.3,0.0,
Josh Magette,PG,30,ORL,8,38,5.4,.378,.267,.133,2.7,14.3,8.3,19.7,3.9,2.4,23.9,23.8,,-0.2,0.1,-0.1,-0.115,,-8.8,2.2,-6.6,0.0,
Ian Mahinmi,C,33,WAS,23,520,15.8,.563,.130,.565,10.8,18.8,14.6,9.1,1.9,5.7,16.1,16.3,,0.6,0.4,1.0,.090,,-1.1,2.4,1.2,0.4,
Thon Maker,C,22,DET,42,467,12.6,.612,.316,.796,6.8,15.1,11.0,5.3,1.5,4.3,18.0,14.9,,0.4,0.5,0.9,.093,,-2.1,1.0,-1.1,0.1,
Terance Mann,SG,23,LAC,28,235,7.4,.497,.208,.250,1.8,9.8,5.9,17.0,1.2,1.9,20.8,11.8,,0.0,0.3,0.3,.053,,-4.1,0.7,-3.4,-0.1,
Boban Marjanović,C,31,DAL,22,224,22.2,.596,.067,.286,14.7,32.3,23.7,6.0,0.9,1.9,13.2,26.0,,0.4,0.3,0.8,.166,,-2.0,-2.2,-4.2,-0.1,
Lauri Markkanen,PF,22,CHI,46,1395,14.5,.560,.535,.271,4.2,19.5,11.6,7.9,1.3,1.5,11.1,21.2,,1.1,1.7,2.8,.095,,-0.4,-0.4,-0.8,0.4,
Caleb Martin,SF,24,CHO,5,32,5.0,.369,.300,.500,3.3,14.3,8.5,13.8,1.6,5.7,19.7,20.8,,-0.1,0.0,-0.1,-0.114,,-9.1,1.0,-8.1,0.0,
Cody Martin,SF,24,CHO,32,457,9.9,.482,.383,.393,4.4,14.7,9.3,11.9,2.4,1.2,13.2,13.9,,0.0,0.4,0.4,.043,,-3.2,0.3,-2.9,-0.1,
Kelan Martin,SF,24,MIN,17,295,6.2,.441,.523,.046,1.7,19.2,10.2,4.5,0.5,1.4,5.1,16.4,,-0.2,0.2,0.0,-0.005,,-5.2,-1.9,-7.1,-0.4,
Frank Mason,PG,25,MIL,4,18,6.1,.285,.571,.571,5.8,5.1,5.5,32.5,2.5,0.0,10.2,22.4,,0.0,0.0,0.0,-0.021,,-4.5,-2.0,-6.5,0.0,
Garrison Mathews,SG,23,WAS,15,196,14.7,.726,.840,.640,3.2,9.9,6.4,6.7,0.7,0.4,9.8,15.0,,0.6,0.0,0.6,.147,,3.4,-4.2,-0.7,0.1,
Wesley Matthews,SG,33,MIL,42,1021,8.6,.554,.683,.174,1.0,8.4,5.0,7.3,1.3,0.5,9.1,12.4,,0.6,1.5,2.1,.101,,-0.8,0.3,-0.4,0.4,
Patrick McCaw,SF,24,TOR,23,584,8.3,.521,.414,.078,2.0,6.7,4.4,13.1,2.2,0.7,16.1,10.5,,0.2,0.8,0.9,.078,,-2.2,1.5,-0.7,0.2,
CJ McCollum,SG,28,POR,42,1495,17.0,.540,.363,.120,2.0,9.5,5.8,17.4,1.1,1.6,8.0,25.7,,1.9,0.5,2.4,.078,,1.8,-2.0,-0.2,0.7,
T.J. McConnell,PG,27,IND,43,822,17.3,.547,.043,.106,2.7,12.5,7.6,40.1,1.8,0.7,18.4,17.4,,1.4,1.0,2.3,.136,,-0.4,-0.6,-1.0,0.2,
Jalen McDaniels,PF,22,CHO,2,7,11.2,.400,.200,.000,15.0,0.0,7.8,0.0,0.0,0.0,0.0,31.3,,0.0,0.0,0.0,-0.104,,-6.4,-11.4,-17.9,0.0,
Doug McDermott,PF,28,IND,45,939,13.2,.603,.525,.095,2.5,11.8,7.1,7.9,0.3,0.4,7.2,18.8,,1.4,0.7,2.1,.105,,1.3,-2.4,-1.1,0.2,
JaVale McGee,C,32,LAL,44,749,22.0,.659,.023,.266,13.0,24.5,18.9,5.9,1.5,8.7,12.3,15.7,,1.9,1.7,3.6,.230,,0.1,4.8,4.8,1.3,
Rodney McGruder,SG,28,LAC,33,574,6.8,.470,.545,.165,4.0,13.3,8.8,5.1,1.5,1.1,9.7,10.3,,0.0,0.7,0.7,.060,,-2.5,1.3,-1.2,0.1,
Alfonzo McKinnie,SF,27,CLE,29,379,8.3,.480,.394,.163,6.6,15.7,11.2,3.4,1.9,1.1,13.2,14.5,,-0.2,0.2,0.0,.005,,-3.7,-1.2,-4.8,-0.3,
Jordan McLaughlin,PG,23,MIN,10,162,11.0,.448,.520,.160,1.2,10.5,5.7,26.2,2.3,0.0,10.1,15.2,,0.1,0.1,0.2,.059,,-2.1,-1.6,-3.8,-0.1,
Ben McLemore,SG,26,HOU,43,1029,11.0,.596,.845,.132,1.6,8.8,5.2,5.4,1.3,0.8,9.5,15.9,,1.2,0.7,1.9,.088,,0.6,-2.0,-1.4,0.1,
Jordan McRae,SG,28,WAS,27,618,15.9,.532,.334,.258,2.9,14.7,8.5,18.7,1.4,1.8,9.8,24.7,,0.6,0.1,0.7,.057,,0.1,-2.1,-2.0,0.0,
Nicolò Melli,C,29,NOP,34,512,11.2,.578,.624,.248,3.4,13.3,8.3,9.0,1.8,1.2,13.6,15.4,,0.4,0.3,0.8,.070,,-0.7,-0.9,-1.6,0.0,
De'Anthony Melton,PG,21,MEM,33,585,17.4,.564,.297,.322,4.4,18.3,11.4,23.3,3.5,1.8,17.8,20.0,,0.6,0.8,1.4,.113,,0.0,1.9,1.9,0.6,
Chimezie Metu,PF,22,SAS,11,41,34.8,.609,.000,.273,20.8,23.2,22.0,13.1,1.2,6.3,3.9,26.9,,0.2,0.0,0.2,.288,,4.7,0.5,5.2,0.1,
Khris Middleton,SF,28,MIL,38,1081,21.6,.616,.361,.231,2.9,15.9,9.8,20.7,1.6,0.5,11.1,25.9,,2.8,2.0,4.8,.214,,3.3,0.3,3.5,1.5,
C.J. Miles,SG,32,WAS,10,161,11.2,.472,.593,.339,2.6,5.7,4.1,9.8,2.9,2.2,5.6,18.5,,0.0,0.1,0.1,.031,,-0.9,-1.8,-2.6,0.0,
Malcolm Miller,SF,26,TOR,21,115,5.3,.442,.750,.300,0.9,11.6,6.4,9.0,1.7,1.7,11.7,9.5,,-0.1,0.2,0.1,.048,,-4.0,1.3,-2.7,0.0,
Patty Mills,PG,31,SAS,43,997,14.6,.591,.641,.182,1.4,5.9,3.7,12.1,1.6,0.4,8.7,19.9,,1.5,0.3,1.8,.088,,2.6,-3.2,-0.6,0.3,
Paul Millsap,PF,34,DEN,32,798,17.2,.586,.266,.340,8.8,16.9,12.8,8.2,1.7,2.5,11.5,19.9,,1.5,1.1,2.5,.152,,0.4,0.5,0.9,0.6,
Shake Milton,SG,23,PHI,13,124,5.2,.485,.538,.250,2.7,14.0,8.4,12.8,0.4,0.7,19.5,25.0,,-0.2,0.1,-0.1,-0.047,,-5.4,-2.9,-8.3,-0.2,
Donovan Mitchell,SG,23,UTA,43,1473,20.7,.565,.326,.238,2.6,10.4,6.7,21.7,1.6,0.6,9.9,31.0,,2.9,1.8,4.6,.150,,2.9,-0.8,2.1,1.5,
Naz Mitrou-Long,SG,26,IND,3,43,10.3,.438,.688,.000,0.0,15.3,7.7,22.3,1.1,2.0,11.1,18.4,,0.0,0.1,0.0,.021,,-2.5,-0.8,-3.3,0.0,
Adam Mokoka,SG,21,CHI,2,6,-19.9,.000,.400,.000,34.6,0.0,18.0,0.0,0.0,0.0,0.0,35.5,,-0.1,0.0,-0.1,-0.698,,-21.3,-13.8,-35.1,-0.1,
Malik Monk,SG,21,CHO,43,828,11.4,.516,.451,.181,2.3,12.8,7.3,16.8,1.1,1.1,13.1,21.4,,-0.1,0.3,0.2,.014,,-2.0,-2.2,-4.3,-0.5,
Matt Mooney,SG,22,CLE,1,3,42.0,.500,.500,.000,0.0,36.7,18.3,69.2,0.0,28.2,0.0,28.6,,0.0,0.0,0.0,.338,,9.4,16.5,26.0,0.0,
E'Twaun Moore,SG,30,NOP,33,701,12.3,.508,.394,.108,3.4,11.6,7.4,12.5,1.3,0.6,7.0,20.9,,0.3,0.3,0.6,.042,,-1.0,-2.4,-3.4,-0.3,
Ja Morant,PG,20,MEM,38,1132,18.2,.569,.166,.314,2.3,9.9,6.1,34.9,1.6,0.8,17.5,26.1,,1.5,0.5,2.0,.086,,0.8,-1.9,-1.2,0.2,
Juwan Morgan,PF,22,UTA,10,42,4.8,.583,.667,.000,2.7,14.7,9.0,3.1,0.0,1.9,25.0,8.3,,0.0,0.0,0.0,.034,,-4.0,0.2,-3.8,0.0,
Marcus Morris,SF,30,NYK,37,1184,16.9,.583,.413,.319,3.4,14.7,8.8,7.6,1.2,1.2,9.0,23.7,,2.0,0.6,2.6,.105,,1.6,-2.1,-0.5,0.5,
Markieff Morris,PF,30,DET,37,817,13.3,.581,.483,.202,2.6,17.0,9.9,10.8,1.4,0.8,14.2,22.0,,0.4,0.6,1.0,.061,,-0.5,-1.5,-2.0,0.0,
Monte Morris,PG,24,DEN,44,841,15.2,.512,.253,.138,1.7,7.6,4.6,26.2,1.8,1.0,7.5,17.9,,1.3,0.8,2.1,.117,,-0.4,-1.7,-2.2,0.0,
Johnathan Motley,PF,24,LAC,7,17,21.6,.765,.200,.400,6.2,5.9,6.0,42.7,8.3,0.0,40.5,23.9,,0.0,0.0,0.1,.201,,1.4,2.8,4.2,0.0,
Emmanuel Mudiay,PG,23,UTA,41,678,13.6,.553,.266,.215,2.4,13.2,8.1,22.3,1.1,1.0,17.4,21.9,,0.3,0.8,1.2,.082,,-1.4,-0.1,-1.6,0.1,
Dejounte Murray,PG,23,SAS,39,941,17.3,.547,.158,.194,5.3,20.1,12.8,23.6,3.4,0.9,18.0,20.3,,0.7,1.1,1.8,.093,,0.1,2.0,2.1,1.0,
Jamal Murray,PG,22,DEN,40,1279,17.1,.537,.333,.219,2.8,11.2,7.0,22.0,2.1,0.8,11.5,25.0,,1.4,1.4,2.8,.106,,1.1,-0.6,0.5,0.8,
Džanan Musa,SF,20,BRK,30,384,7.9,.456,.481,.336,4.9,11.9,8.5,10.8,1.5,0.2,15.2,19.2,,-0.4,0.4,0.0,-0.002,,-4.4,-1.1,-5.5,-0.3,
Mike Muscala,C,28,OKC,31,396,9.8,.504,.744,.160,3.2,17.0,10.3,9.6,0.7,1.7,8.9,16.4,,0.1,0.4,0.5,.060,,-1.3,-1.0,-2.3,0.0,
Sviatoslav Mykhailiuk,SF,22,DET,40,843,11.6,.616,.725,.149,1.5,6.8,4.1,11.0,1.4,0.4,13.1,16.0,,1.0,0.3,1.3,.076,,1.1,-2.3,-1.2,0.2,
Abdel Nader,SF,26,OKC,32,520,10.7,.595,.510,.232,2.2,8.4,5.4,6.7,1.0,1.6,14.4,16.5,,0.3,0.4,0.7,.063,,-1.3,-1.2,-2.5,-0.1,
Larry Nance,C,27,CLE,35,849,15.3,.591,.431,.206,7.5,23.7,15.6,9.6,1.8,1.5,12.5,13.7,,1.2,0.6,1.8,.103,,0.3,0.9,1.2,0.7,
Shabazz Napier,PG,28,MIN,31,705,13.4,.527,.564,.300,1.3,11.2,6.1,30.1,2.1,0.7,18.4,19.8,,0.4,0.6,0.9,.065,,-0.6,-1.4,-2.0,0.0,
Raul Neto,PG,27,PHI,37,398,11.7,.553,.379,.097,1.4,8.5,5.0,20.0,2.1,0.8,17.8,17.1,,0.1,0.5,0.6,.077,,-2.4,-1.0,-3.4,-0.1,
Georges Niang,PF,26,UTA,38,519,13.0,.637,.686,.083,2.0,12.3,7.4,6.8,0.7,0.8,8.8,16.2,,0.9,0.5,1.4,.130,,1.4,-1.3,0.2,0.3,
Nerlens Noel,C,25,OKC,37,695,23.3,.713,.011,.443,9.7,20.3,15.2,9.7,2.8,7.1,15.3,15.8,,2.1,1.5,3.6,.246,,1.5,5.5,7.1,1.6,
Zach Norvell,SG,22,LAL,2,5,-5.6,.000,.000,.000,0.0,21.4,10.9,0.0,0.0,0.0,0.0,8.5,,0.0,0.0,0.0,-0.154,,-14.3,-2.9,-17.2,0.0,
Jaylen Nowell,SG,20,MIN,7,81,7.2,.449,.548,.258,2.5,4.0,3.2,10.9,0.0,1.0,8.0,19.2,,0.0,0.0,0.0,-0.021,,-3.9,-4.4,-8.3,-0.1,
Frank Ntilikina,PG,21,NYK,41,887,9.0,.474,.413,.167,1.8,8.9,5.2,20.3,2.2,1.7,17.3,14.9,,-0.2,0.6,0.3,.018,,-2.7,-0.2,-2.9,-0.2,
Kendrick Nunn,SG,24,MIA,44,1345,14.2,.554,.413,.116,1.1,8.8,5.2,19.2,1.5,0.6,11.2,23.7,,1.1,1.2,2.2,.079,,0.2,-1.9,-1.8,0.1,
David Nwaba,SF,27,BRK,20,268,14.1,.627,.394,.380,3.1,13.8,8.6,4.4,1.9,3.7,8.8,14.1,,0.4,0.4,0.8,.143,,-1.7,1.5,-0.2,0.1,
Royce O'Neale,PF,26,UTA,44,1297,9.4,.617,.612,.115,1.1,16.9,9.4,11.7,1.3,0.9,13.7,8.6,,1.5,1.8,3.3,.120,,0.2,2.5,2.7,1.6,
Kyle O'Quinn,C,29,PHI,21,217,16.3,.542,.344,.131,11.8,27.1,19.5,20.2,0.9,6.6,21.8,16.4,,0.2,0.4,0.6,.131,,-1.7,4.5,2.7,0.3,
Semi Ojeleye,PF,25,BOS,41,587,6.6,.533,.622,.163,2.9,10.0,6.5,4.3,1.0,0.5,6.2,8.1,,0.4,0.6,1.0,.081,,-1.7,-0.1,-1.7,0.0,
Jahlil Okafor,C,24,NOP,24,399,18.3,.633,.015,.419,11.2,18.4,14.7,13.4,0.6,4.0,17.8,20.3,,0.8,0.3,1.0,.124,,-0.5,0.5,0.0,0.2,
Elie Okobo,PG,22,PHO,35,431,14.0,.519,.397,.450,3.0,10.4,6.6,23.9,1.7,0.8,8.7,16.9,,0.7,0.3,1.0,.110,,-0.5,-1.5,-2.1,0.0,
Josh Okogie,SG,21,MIN,42,1004,10.8,.525,.416,.454,5.4,14.3,9.7,9.1,2.1,1.6,16.7,15.5,,0.1,1.0,1.1,.054,,-2.5,1.1,-1.4,0.2,
KZ Okpala,SF,20,MIA,3,3,-13.5,,,,0.0,35.4,18.7,0.0,0.0,0.0,100.0,14.7,,0.0,0.0,0.0,-0.408,,-23.3,-1.4,-24.7,0.0,
Kelly Olynyk,C,28,MIA,40,777,13.3,.623,.585,.258,4.6,20.5,13.0,9.4,1.7,1.3,15.1,16.1,,1.0,1.0,2.0,.126,,0.0,0.4,0.3,0.5,
Miye Oni,SG,22,UTA,3,8,-5.0,,,,0.0,12.9,6.8,0.0,0.0,0.0,100.0,5.5,,0.0,0.0,0.0,-0.136,,-11.5,0.7,-10.8,0.0,
Cedi Osman,SF,24,CLE,44,1289,10.9,.564,.524,.151,1.8,10.9,6.3,10.5,1.4,0.8,12.4,16.3,,0.8,0.3,1.1,.040,,-0.1,-1.2,-1.3,0.2,
Kelly Oubre,SF,24,PHO,42,1430,15.3,.563,.367,.312,3.7,17.3,10.3,6.9,1.9,1.9,8.9,22.1,,1.3,1.5,2.9,.096,,-0.5,-0.1,-0.6,0.5,
Jabari Parker,PF,24,ATL,32,837,17.5,.565,.293,.183,6.8,17.7,12.2,11.9,2.3,1.5,12.4,24.0,,0.6,0.8,1.4,.080,,0.1,-0.5,-0.4,0.3,
Chandler Parsons,SF,31,ATL,5,54,5.7,.389,.778,.000,2.0,12.0,6.9,7.6,3.4,1.5,14.3,16.1,,-0.1,0.1,-0.1,-0.059,,-5.1,-0.2,-5.3,0.0,
Eric Paschall,PF,23,GSW,41,1122,14.9,.567,.198,.308,5.3,13.4,9.2,10.8,1.0,0.8,10.5,21.4,,1.2,0.4,1.6,.070,,-1.0,-2.0,-3.0,-0.3,
Anžejs Pasečņiks,C,24,WAS,16,330,12.7,.555,.011,.484,11.0,18.6,14.7,6.7,1.1,1.8,15.4,17.1,,0.3,0.1,0.4,.054,,-2.4,-1.2,-3.6,-0.1,
Patrick Patterson,PF,30,LAC,40,525,11.4,.541,.753,.157,5.2,15.9,10.6,7.2,0.5,0.5,5.8,14.8,,0.7,0.5,1.2,.113,,0.3,-1.3,-1.0,0.1,
Justin Patton,C,22,OKC,5,24,4.9,.450,.400,.000,4.8,17.8,11.5,12.6,0.0,0.0,16.7,22.1,,0.0,0.0,0.0,-0.063,,-5.7,-3.0,-8.8,0.0,
Chris Paul,PG,34,OKC,45,1430,21.2,.605,.364,.324,1.1,15.8,8.7,31.5,2.5,0.3,12.7,22.4,,3.9,1.8,5.7,.193,,4.0,0.5,4.5,2.4,
Elfrid Payton,PG,25,NYK,27,693,14.0,.444,.184,.131,4.5,13.0,8.5,35.2,2.7,1.6,17.0,19.0,,-0.1,0.6,0.4,.030,,-1.5,0.6,-0.9,0.2,
Gary Payton,PG,27,WAS,15,320,13.2,.500,.349,.081,5.9,13.9,9.7,15.6,4.2,1.6,16.0,13.7,,0.1,0.3,0.4,.061,,-0.7,2.0,1.4,0.3,
Norvel Pelle,C,26,PHI,14,156,11.6,.557,.000,.370,8.6,27.2,18.0,6.0,0.3,11.3,25.9,11.7,,0.0,0.4,0.3,.101,,-6.4,6.2,-0.1,0.1,
Theo Pinson,SG,24,BRK,25,325,4.4,.372,.510,.110,2.9,11.0,7.1,21.0,2.0,0.5,17.4,23.5,,-1.0,0.4,-0.7,-0.097,,-6.4,-1.0,-7.4,-0.4,
Mason Plumlee,C,29,DEN,43,750,19.4,.609,.019,.543,11.5,23.6,17.5,20.5,1.5,3.3,19.5,18.6,,1.4,1.2,2.5,.162,,0.2,2.8,3.0,0.9,
Vincent Poirier,C,26,BOS,13,67,13.0,.485,.087,.174,12.8,22.4,17.6,8.4,1.4,5.4,13.9,18.3,,0.0,0.1,0.1,.107,,-3.8,2.4,-1.5,0.0,
Jakob Pöltl,C,24,SAS,43,745,18.8,.604,.000,.308,11.3,22.6,17.0,14.5,1.4,7.7,16.5,12.2,,1.5,1.0,2.5,.162,,0.0,5.0,4.9,1.3,
Shamorie Ponds,PG,21,TOR,4,11,33.5,.765,.400,.400,0.0,9.3,4.7,32.6,0.0,8.7,0.0,22.8,,0.1,0.0,0.1,.456,,9.2,0.0,9.3,0.0,
Jordan Poole,SG,20,GSW,39,841,5.3,.400,.540,.227,0.6,9.4,4.9,13.3,1.4,0.9,9.1,20.5,,-1.5,0.3,-1.2,-0.070,,-5.1,-2.7,-7.7,-1.2,
Kevin Porter,SF,19,CLE,34,742,9.7,.521,.360,.217,1.8,14.8,8.3,13.4,1.9,0.7,17.5,19.4,,-0.4,0.3,-0.1,-0.004,,-2.8,-0.8,-3.6,-0.3,
Michael Porter,PF,21,DEN,34,435,19.9,.630,.356,.172,7.8,23.9,15.8,8.4,1.2,3.2,11.4,21.7,,0.9,0.6,1.5,.167,,0.7,-0.3,0.4,0.3,
Otto Porter,SF,26,CHI,9,226,13.6,.544,.476,.238,3.7,11.5,7.4,9.6,1.9,1.3,7.0,18.8,,0.2,0.2,0.5,.105,,-0.4,-0.6,-1.0,0.1,
Bobby Portis,C,24,NYK,45,944,14.9,.516,.332,.163,7.0,21.4,13.9,12.0,1.2,0.9,9.3,21.1,,0.7,0.6,1.3,.067,,-0.6,-1.1,-1.7,0.1,
Kristaps Porziņģis,PF,24,DAL,32,995,16.3,.503,.421,.247,6.2,24.8,15.7,7.0,0.9,5.7,9.1,25.6,,0.3,1.5,1.8,.085,,-2.4,0.8,-1.6,0.1,
Dwight Powell,C,28,DAL,40,1061,16.3,.677,.170,.485,7.5,14.6,11.1,7.7,1.6,1.7,11.5,12.6,,2.7,1.1,3.8,.172,,1.6,1.3,2.9,1.3,
Norman Powell,SG,26,TOR,33,946,17.4,.645,.464,.251,1.8,12.1,7.1,9.5,1.9,1.3,11.0,20.6,,1.8,1.4,3.2,.163,,1.9,0.3,2.3,1.0,
Julius Randle,PF,25,NYK,43,1380,16.9,.528,.269,.337,6.9,23.5,14.8,17.4,1.2,0.6,14.1,27.4,,0.5,1.0,1.5,.051,,0.1,-0.6,-0.5,0.5,
Josh Reaves,SG,22,DAL,2,1,-40.3,.000,.000,.000,0.0,0.0,0.0,0.0,0.0,0.0,0.0,42.7,,0.0,0.0,0.0,-1.024,,-38.2,-12.1,-50.3,0.0,
Cam Reddish,SF,20,ATL,41,1079,6.6,.443,.439,.218,2.6,13.1,7.8,8.5,1.9,1.4,15.0,18.2,,-1.7,0.7,-1.0,-0.046,,-4.9,-0.5,-5.4,-0.9,
J.J. Redick,SG,35,NOP,40,1126,15.3,.641,.625,.289,0.7,9.9,5.2,9.9,0.5,0.5,8.5,19.4,,2.7,0.1,2.8,.118,,2.6,-3.3,-0.7,0.4,
Naz Reid,C,20,MIN,12,147,14.8,.499,.557,.159,6.1,15.3,10.6,13.0,1.3,3.4,7.8,28.7,,0.0,0.1,0.1,.048,,-0.1,-1.9,-1.9,0.0,
Josh Richardson,SG,26,PHI,38,1198,13.0,.539,.382,.230,2.8,8.6,5.7,16.0,1.5,1.6,13.2,21.9,,0.6,1.4,2.0,.080,,-0.7,-0.4,-1.1,0.3,
Austin Rivers,SG,27,HOU,39,891,9.3,.517,.543,.204,2.1,8.5,5.3,9.6,1.2,0.6,8.1,14.7,,0.6,0.6,1.2,.065,,-1.7,-1.6,-3.2,-0.3,
Duncan Robinson,SF,25,MIA,44,1229,12.3,.657,.869,.081,0.7,11.6,6.4,5.6,0.9,1.0,7.0,15.3,,2.0,1.0,3.1,.120,,2.4,-1.6,0.8,0.9,
Glenn Robinson,SF,26,GSW,43,1360,12.3,.552,.322,.133,4.7,11.6,8.0,8.1,1.4,0.7,8.5,16.3,,1.1,0.6,1.7,.059,,-1.0,-1.1,-2.0,0.0,
Jerome Robinson,SG,22,LAC,37,447,5.3,.429,.496,.132,1.2,12.4,6.9,12.6,1.3,1.6,15.0,14.8,,-0.5,0.5,0.1,.006,,-4.4,0.6,-3.8,-0.2,
Justin Robinson,PG,22,WAS,9,49,8.4,.542,.417,.000,2.1,9.3,5.5,18.4,0.0,1.8,20.0,12.7,,0.0,0.0,0.0,.002,,-3.3,-3.4,-6.8,-0.1,
Mitchell Robinson,C,21,NYK,41,933,22.3,.704,.000,.446,12.3,18.8,15.4,3.4,1.8,7.5,9.5,13.8,,2.9,1.2,4.1,.210,,1.2,3.2,4.4,1.5,
Rajon Rondo,PG,33,LAL,29,621,13.8,.503,.363,.137,2.7,15.6,9.3,33.0,2.1,0.3,20.8,19.4,,0.2,0.9,1.1,.086,,-1.3,0.2,-1.1,0.1,
Derrick Rose,PG,31,DET,39,1020,22.1,.564,.197,.194,2.2,8.4,5.4,41.9,1.5,1.1,13.5,31.3,,2.0,0.5,2.6,.121,,3.2,-2.4,0.9,0.7,
Terrence Ross,SG,28,ORL,43,1110,14.2,.548,.585,.221,0.8,11.5,6.0,6.4,2.1,1.0,7.3,22.6,,0.7,1.4,2.1,.090,,0.2,-1.3,-1.1,0.3,
Terry Rozier,PG,25,CHO,45,1534,15.0,.547,.450,.207,2.5,11.6,6.8,21.9,1.7,0.4,12.9,24.2,,1.3,0.7,2.0,.062,,1.2,-1.8,-0.6,0.5,
Ricky Rubio,PG,29,PHO,37,1192,15.9,.511,.304,.265,2.4,13.7,8.0,40.7,2.0,0.7,17.1,20.6,,1.4,1.0,2.4,.097,,0.2,-0.4,-0.2,0.5,
D'Angelo Russell,SG,23,GSW,28,898,19.1,.550,.492,.235,1.1,11.0,5.9,37.3,1.3,0.8,12.6,32.3,,0.8,0.3,1.2,.062,,4.6,-3.1,1.5,0.8,
Domantas Sabonis,C,23,IND,42,1433,20.8,.580,.076,.333,11.1,30.3,20.7,19.3,1.1,1.4,14.9,23.3,,2.8,2.3,5.1,.171,,1.5,2.5,4.0,2.2,
JaKarr Sampson,SF,26,IND,15,205,12.1,.624,.196,.157,4.3,13.9,9.1,2.7,1.4,3.0,9.9,13.0,,0.2,0.3,0.5,.108,,-1.9,0.7,-1.2,0.0,
Dario Šarić,PF,25,PHO,44,1106,12.4,.544,.477,.169,6.5,21.2,13.7,10.8,1.1,0.9,12.4,17.2,,0.8,0.9,1.7,.074,,-0.9,-0.1,-1.0,0.3,
Tomáš Satoranský,PG,28,CHI,46,1311,13.9,.545,.373,.228,3.6,10.4,6.9,27.7,2.2,0.4,17.8,16.5,,1.4,1.4,2.8,.104,,-0.3,0.0,-0.3,0.6,
Admiral Schofield,SF,22,WAS,24,288,7.0,.523,.622,.162,2.2,10.7,6.2,6.3,1.1,0.9,8.1,12.4,,0.1,0.0,0.1,.019,,-1.9,-2.5,-4.4,-0.2,
Dennis Schröder,PG,26,OKC,44,1363,16.1,.572,.354,.205,1.2,12.1,6.8,21.0,1.0,0.6,14.3,27.1,,1.0,1.1,2.0,.072,,0.7,-1.7,-1.1,0.3,
Mike Scott,PF,31,PHI,46,826,9.5,.524,.658,.097,5.3,15.4,10.4,4.6,0.9,0.3,6.1,13.8,,0.6,0.9,1.5,.087,,-1.4,-1.3,-2.7,-0.1,
Thabo Sefolosha,PF,35,HOU,28,271,8.7,.478,.643,.018,5.0,18.5,11.8,8.1,1.9,1.9,13.8,9.9,,0.1,0.3,0.4,.070,,-3.2,1.1,-2.1,0.0,
Collin Sexton,SG,21,CLE,44,1396,15.2,.531,.213,.229,3.5,7.9,5.7,12.8,1.4,0.3,10.6,27.2,,0.8,0.1,0.9,.030,,-0.6,-3.1,-3.7,-0.6,
Landry Shamet,SG,22,LAC,28,767,8.3,.589,.746,.156,0.4,7.7,4.1,7.4,0.7,0.7,9.5,13.0,,0.8,0.6,1.4,.089,,0.3,-0.6,-0.3,0.3,
Iman Shumpert,SG,29,BRK,13,241,5.4,.403,.516,.109,3.9,10.3,7.2,6.8,2.3,0.7,13.0,13.3,,-0.3,0.3,0.0,-0.002,,-4.8,0.8,-4.0,-0.1,
Pascal Siakam,PF,25,TOR,33,1162,18.5,.548,.306,.232,3.7,18.8,11.4,17.1,1.3,2.6,10.6,29.0,,1.0,2.0,3.0,.123,,0.4,1.2,1.6,1.0,
Chris Silva,PF,23,MIA,30,249,18.4,.712,.036,.745,22.0,19.6,20.7,9.1,1.2,6.3,28.4,18.1,,0.6,0.4,1.0,.188,,0.3,2.6,2.9,0.3,
Ben Simmons,PG,23,PHI,44,1588,20.4,.595,.010,.428,6.0,17.7,11.9,35.2,2.9,1.5,20.4,20.2,,3.0,2.9,5.9,.178,,1.6,3.4,4.9,2.8,
Anfernee Simons,SG,20,POR,45,1046,9.3,.501,.412,.168,1.8,9.6,5.8,9.2,0.8,0.6,9.4,18.9,,0.0,0.2,0.2,.011,,-2.0,-2.5,-4.5,-0.7,
Alen Smailagić,PF,19,GSW,9,92,17.2,.629,.310,.345,7.8,17.9,12.7,14.2,0.5,2.9,13.0,17.7,,0.2,0.1,0.2,.128,,-0.3,-1.0,-1.4,0.0,
Marcus Smart,SG,25,BOS,34,1062,14.5,.525,.602,.201,2.6,8.9,5.8,20.9,2.5,1.2,9.9,17.9,,1.5,1.5,3.0,.136,,2.0,0.5,2.5,1.2,
Dennis Smith,PG,22,NYK,22,342,5.9,.386,.320,.234,3.8,10.1,6.8,24.3,1.4,1.9,18.0,21.3,,-0.8,0.2,-0.6,-0.088,,-5.3,-1.3,-6.6,-0.4,
Ish Smith,PG,31,WAS,43,1129,13.9,.518,.256,.125,1.8,11.3,6.3,24.7,1.4,1.2,11.3,18.9,,1.0,0.1,1.1,.045,,-0.6,-2.1,-2.6,-0.2,
Tony Snell,SF,28,DET,41,1083,9.9,.636,.693,.063,0.6,6.8,3.7,7.3,0.8,0.7,6.1,11.1,,1.6,0.3,1.9,.083,,0.9,-1.5,-0.6,0.4,
Omari Spellman,PF,22,GSW,43,766,16.2,.561,.360,.303,10.2,17.9,13.9,8.6,1.9,2.6,13.5,18.9,,0.8,0.7,1.5,.091,,-0.9,-0.1,-1.0,0.2,
Max Strus,SG,23,CHI,2,6,31.0,.727,.333,.333,17.3,0.0,9.0,0.0,0.0,0.0,0.0,24.5,,0.0,0.0,0.0,.327,,7.3,-9.3,-2.0,0.0,
Edmond Sumner,PG,24,IND,17,244,11.1,.502,.311,.176,3.2,8.1,5.6,15.0,2.2,2.1,12.1,16.3,,0.0,0.3,0.4,.070,,-2.0,0.6,-1.4,0.0,
Caleb Swanigan,PF,22,SAC,7,23,0.1,.512,.000,.500,9.5,25.3,17.2,11.8,2.1,8.2,55.1,20.6,,-0.1,0.0,-0.1,-0.180,,-12.9,5.7,-7.1,0.0,
Jayson Tatum,PF,21,BOS,42,1426,18.6,.541,.362,.215,3.2,18.6,10.9,13.5,2.0,2.2,9.7,27.6,,1.4,2.3,3.7,.125,,0.6,0.7,1.3,1.2,
Jeff Teague,PG,31,TOT,37,1006,16.0,.575,.265,.426,1.7,8.3,4.9,33.7,1.2,1.1,17.1,20.2,,1.8,0.5,2.3,.111,,-0.1,-2.4,-2.5,-0.1,
Garrett Temple,SG,33,BRK,37,1072,9.5,.495,.658,.150,2.0,9.8,6.0,12.8,1.4,1.3,11.1,16.7,,0.0,1.1,1.0,.046,,-1.5,0.0,-1.5,0.1,
Daniel Theis,C,27,BOS,39,852,17.2,.592,.228,.241,9.3,19.7,14.6,10.0,1.5,6.2,10.5,14.3,,1.7,1.6,3.4,.189,,0.5,4.3,4.8,1.5,
Isaiah Thomas,PG,30,WAS,34,795,11.6,.532,.430,.185,1.0,6.0,3.4,23.7,0.8,0.5,15.6,23.8,,0.1,-0.2,-0.1,-0.006,,-0.9,-5.0,-6.0,-0.8,
Khyri Thomas,SG,23,DET,2,6,3.9,.568,,,0.0,0.0,0.0,0.0,0.0,0.0,0.0,6.3,,0.0,0.0,0.0,.028,,-4.4,-2.9,-7.4,0.0,
Matt Thomas,SG,25,TOR,17,189,11.9,.650,.750,.117,1.7,10.8,6.4,5.4,1.0,0.0,10.0,15.8,,0.3,0.2,0.5,.118,,0.4,-2.0,-1.5,0.0,
Tristan Thompson,C,28,CLE,42,1335,17.2,.540,.019,.301,14.5,22.2,18.3,10.2,1.1,2.7,14.5,18.4,,1.6,0.8,2.4,.086,,-0.5,1.1,0.6,0.9,
Matisse Thybulle,SG,22,PHI,38,747,9.8,.524,.620,.202,3.0,6.0,4.5,8.4,3.7,3.7,17.2,12.4,,-0.1,1.4,1.3,.085,,-1.8,3.5,1.6,0.7,
Anthony Tolliver,PF,34,TOT,34,560,7.5,.506,.765,.160,5.0,14.9,10.0,6.9,0.7,1.3,14.2,11.2,,0.1,0.3,0.4,.034,,-1.7,-0.8,-2.5,-0.1,
Karl-Anthony Towns,C,24,MIN,27,901,27.9,.650,.471,.347,8.1,26.2,16.9,23.6,1.3,2.8,12.8,29.0,,3.3,1.1,4.4,.236,,7.5,1.4,9.0,2.5,
Gary Trent,SG,21,POR,32,481,10.2,.521,.630,.078,2.4,7.1,4.8,6.9,1.7,1.0,5.9,14.9,,0.3,0.2,0.5,.053,,-0.4,-1.8,-2.2,0.0,
Allonzo Trier,PG,24,NYK,20,246,12.4,.587,.541,.459,1.6,9.7,5.5,14.9,0.4,1.5,16.4,21.0,,0.2,0.0,0.3,.050,,-0.8,-3.3,-4.2,-0.1,
P.J. Tucker,PF,34,HOU,43,1505,8.9,.591,.662,.128,4.8,16.3,10.6,5.4,1.4,1.0,15.1,9.0,,1.3,1.4,2.7,.087,,-0.8,1.2,0.4,0.9,
Rayjon Tucker,SG,22,UTA,11,71,3.6,.421,.333,.278,3.2,11.6,7.6,3.8,0.7,0.0,12.9,14.3,,-0.1,0.1,0.0,-0.020,,-5.8,-1.3,-7.1,-0.1,
Evan Turner,PG,31,ATL,18,230,7.4,.434,.079,.222,3.2,13.7,8.4,21.9,1.6,2.9,26.6,17.0,,-0.4,0.2,-0.3,-0.056,,-7.3,0.4,-6.9,-0.3,
Myles Turner,C,23,IND,37,1072,15.0,.562,.452,.301,4.8,17.7,11.3,5.7,1.2,6.0,10.4,18.4,,0.8,1.7,2.6,.115,,-0.6,2.6,2.0,1.1,
Jonas Valančiūnas,C,27,MEM,41,1041,22.6,.645,.143,.228,11.7,30.7,21.2,12.3,0.7,3.6,14.5,22.4,,2.5,1.1,3.5,.163,,1.5,0.9,2.4,1.2,
Denzel Valentine,SF,26,CHI,24,273,14.9,.556,.607,.041,1.1,16.1,8.3,13.2,2.5,1.7,8.8,21.3,,0.2,0.4,0.6,.102,,-0.1,-0.4,-0.5,0.1,
Jarred Vanderbilt,SF,20,DEN,5,21,-0.7,1.000,.000,.000,0.0,15.8,7.8,6.3,0.0,0.0,66.7,12.4,,-0.1,0.0,-0.1,-0.136,,-9.2,-1.5,-10.7,0.0,
Fred VanVleet,PG,25,TOR,34,1222,17.1,.549,.461,.287,1.0,10.1,5.6,28.5,2.6,0.9,12.5,22.9,,1.8,2.0,3.8,.149,,1.9,0.6,2.5,1.4,
Noah Vonleh,C,24,MIN,28,347,15.7,.605,.163,.326,9.8,25.2,17.3,11.1,1.5,1.4,16.2,14.0,,0.6,0.4,1.0,.135,,-1.7,1.0,-0.7,0.1,
Nikola Vučević,C,29,ORL,34,1076,22.5,.531,.282,.167,8.9,28.8,18.5,19.0,1.5,2.5,6.9,26.3,,1.9,1.9,3.7,.166,,2.3,2.2,4.5,1.8,
Dean Wade,PF,23,CLE,7,47,16.3,.766,.300,.100,4.7,30.5,17.5,3.2,2.1,5.4,22.3,12.3,,0.0,0.1,0.1,.111,,-2.8,1.7,-1.1,0.0,
Moritz Wagner,C,22,WAS,21,429,18.7,.682,.350,.269,8.3,24.6,16.1,9.8,1.6,2.6,19.4,21.4,,0.8,0.3,1.0,.116,,1.2,-0.6,0.6,0.3,
Kemba Walker,PG,29,BOS,38,1204,21.9,.589,.525,.254,2.7,10.8,6.7,25.0,1.4,1.7,10.6,27.7,,3.3,1.4,4.7,.188,,5.3,-1.0,4.4,1.9,
Lonnie Walker,SG,21,SAS,35,432,11.7,.516,.277,.192,3.0,14.4,8.7,7.3,1.5,1.0,9.4,21.1,,0.0,0.3,0.2,.023,,-2.9,-2.4,-5.3,-0.4,
Tyrone Wallace,SG,25,ATL,14,160,4.0,.389,.341,.386,2.0,12.9,7.4,11.1,2.0,0.5,16.3,15.9,,-0.3,0.1,-0.2,-0.068,,-6.9,-1.1,-8.0,-0.2,
Taurean Waller-Prince,SF,25,BRK,42,1269,9.5,.500,.583,.097,3.0,19.0,11.2,10.0,1.4,1.2,14.6,19.8,,-1.0,1.7,0.6,.024,,-2.8,0.6,-2.2,-0.1,
Derrick Walton,PG,24,LAC,23,222,8.5,.626,.583,.250,0.9,5.9,3.5,12.6,0.8,0.0,9.1,8.1,,0.4,0.2,0.5,.113,,-0.8,-1.3,-2.1,0.0,
Brad Wanamaker,PG,30,BOS,42,786,11.8,.547,.273,.383,1.8,9.8,5.8,19.4,1.6,1.2,16.1,15.8,,0.8,0.9,1.7,.106,,-1.6,-0.1,-1.7,0.1,
T.J. Warren,SF,26,IND,45,1447,16.6,.587,.217,.223,3.1,9.7,6.4,6.5,1.6,1.3,7.4,22.6,,2.2,1.6,3.7,.124,,0.8,-0.8,0.0,0.7,
PJ Washington,PF,21,CHO,40,1221,13.5,.581,.360,.257,2.8,17.7,9.9,10.6,1.5,2.6,13.2,17.9,,0.8,0.9,1.8,.070,,-1.2,0.5,-0.7,0.4,
Yuta Watanabe,SG,25,MEM,4,18,11.8,.583,.333,.000,6.0,23.6,14.8,0.0,0.0,4.8,14.3,16.2,,0.0,0.0,0.0,.031,,-6.2,-4.2,-10.4,0.0,
Tremont Waters,PG,22,BOS,6,56,12.5,.470,.560,.240,0.0,11.5,5.8,20.5,3.4,3.2,15.3,24.8,,-0.1,0.1,0.0,.042,,-2.7,0.7,-2.0,0.0,
Paul Watson,SG,25,ATL,2,17,-7.0,.000,.429,.000,0.0,12.7,6.3,21.5,2.7,0.0,0.0,17.1,,-0.1,0.0,-0.1,-0.317,,-13.3,-1.8,-15.2,-0.1,
Russell Westbrook,PG,31,HOU,37,1315,20.0,.518,.208,.299,4.8,18.7,11.8,35.3,2.1,0.8,15.0,33.1,,1.2,1.6,2.8,.101,,0.6,1.0,1.5,1.2,
Coby White,SG,19,CHI,46,1109,10.3,.481,.462,.150,1.7,14.6,7.9,14.8,1.5,0.3,11.5,23.4,,-1.0,1.1,0.2,.007,,-2.8,-1.4,-4.2,-0.6,
Derrick White,SG,25,SAS,41,968,15.5,.585,.334,.315,2.3,11.1,6.8,19.2,1.2,2.5,11.6,17.6,,1.7,0.5,2.2,.111,,0.9,-0.7,0.2,0.5,
Hassan Whiteside,C,30,POR,41,1249,24.7,.625,.009,.338,13.7,33.4,23.7,6.4,0.6,8.3,13.9,20.1,,3.2,2.1,5.2,.200,,-0.4,3.2,2.8,1.5,
Andrew Wiggins,SF,24,MIN,36,1248,16.5,.526,.336,.255,3.6,11.9,7.6,18.6,0.9,2.2,10.4,28.4,,0.7,0.8,1.5,.057,,0.3,-1.2,-0.9,0.3,
Grant Williams,PF,21,BOS,41,603,6.4,.469,.434,.328,5.9,11.4,8.6,8.7,1.1,2.7,19.1,12.2,,-0.2,0.8,0.6,.045,,-3.3,1.4,-1.9,0.0,
Johnathan Williams,C,24,WAS,8,128,14.5,.630,.083,.208,10.6,24.9,17.4,6.1,0.4,3.4,10.3,9.4,,0.3,0.0,0.3,.111,,-1.4,-0.1,-1.4,0.0,
Kenrich Williams,PF,25,NOP,35,779,7.8,.430,.671,.168,6.5,17.9,12.1,8.5,1.5,2.3,12.0,9.3,,0.1,0.6,0.7,.041,,-2.3,1.6,-0.7,0.2,
Lou Williams,SG,33,LAC,42,1266,18.3,.555,.341,.374,1.5,9.0,5.3,31.4,1.0,0.6,14.6,28.5,,2.1,1.1,3.3,.124,,1.8,-1.8,0.0,0.6,
Marvin Williams,PF,33,CHO,36,705,12.3,.604,.573,.238,1.9,13.3,7.4,7.4,1.8,2.1,9.7,14.1,,0.9,0.5,1.3,.090,,-0.7,-0.3,-1.0,0.2,
Robert Williams,C,22,BOS,19,269,18.3,.671,.000,.286,9.2,25.5,17.4,10.6,3.0,7.1,22.5,11.3,,0.4,0.7,1.1,.196,,-1.1,6.9,5.9,0.5,
Nigel Williams-Goss,PG,25,UTA,9,28,5.8,.254,.286,.286,8.2,11.1,9.7,22.3,1.7,2.9,20.2,15.4,,-0.1,0.0,0.0,-0.034,,-6.3,2.0,-4.2,0.0,
Zion Williamson,SF,19,NOP,1,18,38.1,.862,.364,.364,11.5,30.0,20.6,39.9,0.0,0.0,28.2,40.7,,0.0,0.0,0.1,.140,,12.0,-1.2,10.8,0.1,
D.J. Wilson,PF,23,MIL,26,235,8.0,.487,.570,.089,2.7,18.1,10.9,9.9,0.2,1.5,12.8,16.6,,-0.1,0.4,0.3,.056,,-3.9,-0.4,-4.3,-0.1,
Justise Winslow,SF,23,MIA,11,352,8.9,.440,.209,.209,5.4,17.2,11.6,18.7,1.0,1.4,14.6,20.6,,-0.3,0.4,0.0,.006,,-4.2,0.3,-3.8,-0.2,
Christian Wood,PF,24,DET,41,693,22.7,.669,.260,.533,8.7,26.1,17.5,6.9,1.0,4.2,13.3,21.5,,1.8,0.8,2.7,.186,,0.7,0.0,0.8,0.5,
Delon Wright,SG,27,DAL,41,831,17.9,.570,.293,.246,5.0,13.3,9.3,21.4,3.0,1.7,11.7,15.0,,1.9,1.1,3.0,.175,,1.4,2.0,3.4,1.1,
Thaddeus Young,PF,31,CHI,45,1006,12.5,.494,.372,.121,6.7,15.6,11.0,12.0,2.4,1.2,13.3,20.1,,-0.3,1.4,1.0,.049,,-2.2,0.8,-1.3,0.2,
Trae Young,PG,21,ATL,40,1404,23.9,.594,.447,.403,1.9,12.4,7.1,44.4,1.6,0.3,16.4,34.7,,3.3,0.6,3.9,.133,,7.5,-2.2,5.3,2.6,
Cody Zeller,C,27,CHO,42,968,18.8,.587,.181,.370,12.9,20.9,16.7,9.2,1.3,1.6,12.1,20.9,,1.8,0.7,2.6,.127,,0.4,-0.8,-0.5,0.4,
Ante Žižić,C,23,CLE,16,159,18.9,.621,.000,.306,9.6,28.4,19.0,3.0,1.8,2.1,8.3,16.3,,0.4,0.1,0.5,.155,,-2.2,-1.3,-3.5,-0.1,
Ivica Zubac,C,22,LAC,45,787,21.4,.633,.008,.411,14.9,25.1,20.1,8.1,0.5,4.7,11.2,17.2,,2.4,1.3,3.7,.228,,0.7,2.3,3.0,1.0,