player,pos,age,team_id,g,gs,mp,fg_per_mp,fga_per_mp,fg_pct,fg3_per_mp,fg3a_per_mp,fg3_pct,fg2_per_mp,fg2a_per_mp,fg2_pct,ft_per_mp,fta_per_mp,ft_pct,orb_per_mp,drb_per_mp,trb_per_mp,ast_per_mp,stl_per_mp,blk_per_mp,tov_per_mp,pf_per_mp,pts_per_mp,
Steven Adams,C,26,OKC,40,40,1078,6.3,10.4,.603,0.0,0.0,.000,6.3,10.4,.605,2.5,4.5,.567,4.7,8.3,13.0,3.5,0.9,1.5,2.0,2.3,15.1,
Bam Adebayo,C,22,MIA,44,44,1517,6.3,10.8,.586,0.0,0.2,.100,6.3,10.5,.597,3.9,5.6,.685,2.7,8.2,10.9,4.8,1.3,1.2,2.9,2.6,16.5,
LaMarcus Aldridge,C,34,SAS,41,41,1353,8.3,16.3,.509,1.3,3.1,.426,7.0,13.2,.528,3.3,3.9,.845,2.2,5.9,8.1,2.6,0.7,1.9,1.5,2.7,21.2,
Nickeil Alexander-Walker,SG,21,NOP,36,0,485,5.7,16.4,.348,3.0,8.6,.345,2.7,7.8,.352,1.3,2.1,.607,0.5,5.1,5.6,5.3,0.7,0.5,2.5,3.2,15.7,
Grayson Allen,SG,24,MEM,29,0,491,5.8,12.8,.451,2.4,6.7,.363,3.4,6.2,.548,2.2,2.6,.857,0.4,4.4,4.8,3.2,0.4,0.1,1.6,2.6,16.2,
Jarrett Allen,C,21,BRK,42,38,1124,6.0,9.1,.653,0.0,0.1,.000,6.0,9.0,.660,3.5,5.4,.639,4.2,9.0,13.2,1.7,0.9,1.8,1.6,3.2,15.4,
Kadeem Allen,SG,27,NYK,9,0,96,6.4,15.8,.405,1.9,6.0,.313,4.5,9.7,.462,1.9,3.0,.625,0.7,2.3,3.0,7.1,1.5,0.7,3.0,2.6,16.5,
Al-Farouq Aminu,PF,29,ORL,18,2,380,2.4,8.1,.291,0.9,3.4,.250,1.5,4.7,.320,1.8,2.7,.655,2.3,6.0,8.2,2.0,1.7,0.8,1.6,2.6,7.4,
Justin Anderson,SF,26,BRK,3,0,17,2.1,12.7,.167,0.0,6.4,.000,2.1,6.4,.333,2.1,4.2,.500,0.0,4.2,4.2,0.0,0.0,2.1,0.0,4.2,6.4,
Kyle Anderson,PF,26,MEM,38,3,631,4.3,9.3,.466,0.4,2.0,.200,3.9,7.3,.539,1.6,2.5,.651,2.0,6.0,8.0,4.5,1.6,0.9,1.7,2.9,10.7,
Ryan Anderson,PF,31,HOU,2,0,14,5.1,18.0,.286,2.6,12.9,.200,2.6,5.1,.500,0.0,0.0,,0.0,18.0,18.0,5.1,2.6,0.0,2.6,2.6,12.9,
Giannis Antetokounmpo,PF,25,MIL,42,42,1286,13.0,23.4,.554,1.9,6.0,.322,11.1,17.4,.634,7.3,12.1,.606,2.7,12.4,15.1,6.6,1.3,1.2,4.2,3.7,35.2,
Kostas Antetokounmpo,PF,22,LAL,3,0,5,0.0,0.0,,0.0,0.0,,0.0,0.0,,0.0,0.0,,0.0,7.2,7.2,7.2,0.0,0.0,0.0,0.0,0.0,
Thanasis Antetokounmpo,SF,27,MIL,13,0,55,7.2,13.1,.550,0.0,1.3,.000,7.2,11.8,.611,2.6,5.2,.500,3.9,0.7,4.6,3.9,0.7,0.7,3.3,4.6,17.0,
Carmelo Anthony,PF,35,POR,30,30,967,6.9,15.7,.441,1.6,4.3,.374,5.3,11.4,.466,2.6,3.2,.826,1.2,5.8,7.0,1.5,1.1,0.6,2.0,3.3,18.1,
OG Anunoby,SF,22,TOR,43,42,1269,5.2,10.7,.492,1.6,4.5,.367,3.6,6.2,.583,1.0,1.5,.660,1.3,5.5,6.8,2.0,1.4,0.8,1.6,3.0,13.1,
Ryan Arcidiacono,PG,25,CHI,42,0,618,3.1,8.3,.378,1.9,4.9,.381,1.3,3.4,.373,1.1,1.5,.760,0.8,3.3,4.1,3.7,1.0,0.1,1.3,4.1,9.3,
Trevor Ariza,SF,34,SAC,32,0,791,2.9,7.5,.388,2.0,5.6,.352,1.0,2.0,.488,1.0,1.2,.778,1.0,5.7,6.6,2.3,1.6,0.3,1.3,2.9,8.7,
D.J. Augustin,PG,32,ORL,39,6,1013,4.5,11.6,.393,1.7,4.8,.346,2.9,6.8,.426,4.1,4.6,.877,0.5,2.8,3.4,6.5,1.0,0.0,1.9,1.6,14.8,
Deandre Ayton,C,21,PHO,14,9,445,8.7,16.3,.535,0.0,0.1,.000,8.7,16.3,.537,2.4,2.9,.833,4.0,9.5,13.5,2.1,0.6,1.7,1.9,3.4,19.9,
Dwayne Bacon,SG,24,CHO,35,10,637,4.7,13.2,.359,1.1,3.7,.292,3.7,9.6,.385,1.9,2.9,.647,0.7,4.2,4.9,2.8,1.2,0.1,1.8,2.8,12.4,
Marvin Bagley,PF,20,SAC,13,6,334,8.4,18.0,.467,0.4,2.4,.182,8.0,15.6,.510,2.7,3.3,.806,3.1,7.3,10.5,1.1,0.6,1.3,1.9,4.6,19.9,
Lonzo Ball,PG,22,NOP,37,28,1149,5.3,13.4,.393,2.7,7.4,.359,2.6,6.0,.435,0.8,1.6,.540,1.4,5.4,6.8,7.4,1.5,0.4,3.2,2.3,14.0,
Mo Bamba,C,21,ORL,41,0,627,5.1,11.5,.445,1.3,4.2,.301,3.8,7.3,.528,0.9,1.4,.625,3.6,8.8,12.4,1.6,0.9,3.2,1.9,4.3,12.3,
J.J. Barea,PG,35,DAL,13,3,195,8.1,17.9,.454,3.7,7.8,.476,4.4,10.2,.436,0.9,0.9,1.000,0.9,3.5,4.4,7.6,0.6,0.2,2.8,1.5,20.9,
Harrison Barnes,PF,27,SAC,44,44,1543,5.3,11.8,.446,1.4,3.9,.355,3.9,7.9,.491,3.4,4.3,.790,1.0,4.1,5.1,2.1,0.7,0.2,1.2,1.2,15.4,
RJ Barrett,SG,19,NYK,41,41,1281,5.9,15.0,.393,1.3,4.0,.329,4.6,11.0,.417,3.1,5.2,.603,1.2,4.8,6.0,2.8,1.2,0.4,2.5,2.6,16.2,
Will Barton,SF,29,DEN,41,41,1377,6.1,13.8,.445,1.8,5.0,.366,4.3,8.8,.490,1.9,2.6,.755,1.6,5.5,7.1,4.1,1.2,0.5,1.5,2.2,16.1,
Keita Bates-Diop,SF,24,MIN,32,0,568,4.8,11.5,.420,1.9,5.3,.357,2.9,6.1,.474,2.7,3.9,.689,1.1,4.9,6.0,1.2,1.0,1.0,0.8,2.0,14.2,
Nicolas Batum,SF,31,CHO,21,2,471,2.1,5.6,.370,1.1,3.5,.304,1.0,2.1,.481,0.5,0.5,1.000,1.7,5.5,7.2,4.7,1.3,0.6,1.7,3.0,5.7,
Aron Baynes,C,33,PHO,33,25,756,7.0,14.2,.490,2.0,6.0,.333,5.0,8.2,.605,2.1,2.9,.721,2.6,6.5,9.0,3.0,0.3,0.9,1.9,5.5,18.0,
Kent Bazemore,SF-SG,30,TOT,44,21,1127,3.7,10.5,.348,1.8,5.5,.329,1.9,5.0,.369,1.9,2.4,.789,0.4,5.1,5.6,1.9,1.5,1.0,1.9,4.0,11.1,
Darius Bazley,PF,19,OKC,45,7,772,3.3,9.0,.363,1.3,4.1,.307,2.0,4.9,.410,1.1,1.6,.676,0.8,7.0,7.8,1.1,0.7,1.5,1.7,2.0,8.9,
Bradley Beal,SG,26,WAS,36,36,1279,9.6,21.6,.445,2.5,8.0,.311,7.1,13.7,.524,6.2,7.3,.839,1.0,3.6,4.7,6.4,1.0,0.3,3.3,2.3,27.9,
Malik Beasley,SG,23,DEN,34,0,586,5.7,14.3,.399,2.8,7.4,.380,2.9,6.9,.420,1.2,1.4,.909,0.4,3.1,3.5,2.0,1.3,0.3,1.7,2.6,15.5,
Marco Belinelli,SG,33,SAS,39,0,597,4.7,12.7,.371,2.3,6.5,.352,2.4,6.2,.392,1.7,2.2,.778,0.1,4.0,4.1,3.0,0.5,0.0,0.8,1.9,13.4,
Jordan Bell,C,25,MIN,25,0,221,4.9,9.3,.526,0.3,1.3,.250,4.6,8.0,.571,2.8,4.7,.586,4.6,7.8,12.4,2.3,0.3,1.5,2.9,2.3,12.9,
DeAndre' Bembry,SG,25,ATL,43,4,915,4.1,9.0,.456,0.6,2.6,.231,3.5,6.4,.546,1.0,1.9,.542,1.3,4.6,6.0,3.2,2.2,0.7,2.4,3.3,9.8,
Dragan Bender,SF,22,MIL,6,0,85,4.2,8.5,.500,1.7,3.8,.444,2.5,4.7,.545,0.8,1.3,.667,0.0,7.6,7.6,3.4,0.0,1.7,2.1,6.4,11.0,
Dāvis Bertāns,PF,27,WAS,34,4,994,6.1,14.1,.433,4.5,10.7,.424,1.6,3.4,.463,2.0,2.3,.875,0.9,4.9,5.8,2.1,0.8,0.8,1.1,3.2,18.8,
Patrick Beverley,PG,31,LAC,36,36,1020,3.9,9.2,.423,1.9,5.4,.351,2.0,3.7,.528,0.8,1.3,.632,1.7,5.9,7.6,5.0,1.7,0.8,1.7,4.1,10.5,
Khem Birch,C,27,ORL,31,19,647,2.5,5.1,.495,0.0,0.1,.000,2.5,5.0,.500,1.7,3.0,.574,3.1,5.2,8.3,1.7,0.8,1.0,1.2,3.4,6.7,
Goga Bitadze,C,20,IND,36,2,331,4.8,10.1,.473,0.4,2.5,.174,4.4,7.6,.571,2.2,3.2,.690,2.3,6.6,8.9,2.0,0.2,2.8,2.0,4.9,12.2,
Bismack Biyombo,C,27,CHO,42,25,815,5.5,10.1,.544,0.0,0.0,,5.5,10.1,.544,3.2,5.2,.619,4.3,6.6,11.0,1.6,0.4,1.6,1.6,4.2,14.2,
Nemanja Bjelica,PF,31,SAC,44,41,1227,6.1,12.5,.487,2.6,5.9,.433,3.6,6.6,.535,1.3,1.5,.860,2.1,6.4,8.4,3.3,1.2,0.7,2.0,3.9,16.0,
Eric Bledsoe,PG,30,MIL,37,37,965,7.5,15.7,.480,1.7,4.8,.354,5.8,10.9,.536,3.7,4.4,.832,1.0,5.3,6.3,7.0,1.2,0.7,3.0,3.0,20.5,
Bogdan Bogdanović,SG,27,SAC,33,0,925,6.8,16.1,.426,3.3,8.9,.376,3.5,7.2,.489,1.6,2.4,.656,0.5,3.3,3.8,4.6,1.3,0.4,2.6,2.6,18.6,
Bojan Bogdanović,SF,30,UTA,43,43,1426,7.5,16.6,.454,3.3,7.9,.417,4.3,8.8,.487,4.5,5.0,.904,0.7,3.8,4.5,2.2,0.7,0.1,2.9,1.9,22.9,
Jonah Bolden,PF,24,PHI,3,0,13,5.5,8.3,.667,0.0,2.8,.000,5.5,5.5,1.000,0.0,5.5,.000,0.0,2.8,2.8,0.0,2.8,0.0,5.5,11.1,11.1,
Jordan Bone,PG,22,DET,5,0,16,4.5,15.8,.286,0.0,4.5,.000,4.5,11.3,.400,0.0,0.0,,0.0,0.0,0.0,6.8,0.0,0.0,4.5,4.5,9.0,
Isaac Bonga,SF,20,WAS,38,26,662,3.4,6.4,.538,0.5,1.5,.357,2.9,4.8,.596,1.8,2.4,.750,2.1,4.7,6.7,2.2,1.5,0.6,1.4,4.6,9.2,
Devin Booker,SG,23,PHO,41,41,1473,9.2,18.0,.508,1.9,5.2,.358,7.3,12.9,.568,6.4,7.0,.919,0.6,3.5,4.1,6.3,0.8,0.2,3.9,3.1,26.6,
Chris Boucher,PF,27,TOR,38,0,483,5.8,12.8,.453,1.5,4.7,.317,4.3,8.1,.532,3.9,5.3,.732,5.4,7.1,12.4,1.3,1.0,2.5,1.2,4.8,17.0,
Brian Bowen,SG,21,IND,3,0,10,3.6,14.4,.250,0.0,3.6,.000,3.6,10.8,.333,0.0,0.0,,0.0,3.6,3.6,0.0,0.0,3.6,0.0,0.0,7.2,
Ky Bowman,PG,22,GSW,37,10,827,4.7,11.5,.409,1.3,3.9,.344,3.4,7.6,.443,1.0,1.3,.828,0.8,3.3,4.1,4.6,1.6,0.2,2.1,3.6,11.8,
Avery Bradley,SG,29,LAL,30,25,697,5.1,11.4,.450,1.1,3.9,.280,4.0,7.5,.538,0.5,0.6,.750,0.7,2.7,3.5,1.7,1.4,0.1,1.7,3.6,11.8,
Tony Bradley,C,22,UTA,33,2,340,6.7,10.7,.624,0.0,0.0,,6.7,10.7,.624,2.0,3.3,.613,5.8,8.8,14.6,1.0,1.0,1.6,1.9,7.2,15.4,
Jarrell Brantley,PF,23,UTA,2,0,9,0.0,0.0,,0.0,0.0,,0.0,0.0,,0.0,0.0,,0.0,16.0,16.0,4.0,0.0,8.0,4.0,4.0,0.0,
Ignas Brazdeikis,SF,21,NYK,9,0,53,4.1,14.9,.273,0.7,6.1,.111,3.4,8.8,.385,2.7,3.4,.800,1.4,2.0,3.4,2.7,0.0,0.7,1.4,2.0,11.5,
Mikal Bridges,SF,23,PHO,44,5,1050,4.2,8.0,.528,0.9,2.8,.333,3.3,5.2,.632,1.9,2.4,.800,1.2,4.6,5.7,2.0,2.1,0.7,1.3,3.0,11.3,
Miles Bridges,SF,21,CHO,45,45,1363,5.5,12.7,.437,1.7,5.0,.340,3.9,7.7,.498,1.6,2.0,.800,1.5,5.0,6.5,2.2,0.7,0.9,2.0,2.6,14.4,
Oshae Brissett,SF,21,TOR,13,0,113,3.5,9.6,.367,1.0,3.8,.250,2.5,5.7,.444,1.6,1.9,.833,2.5,3.8,6.4,1.3,1.0,0.3,1.3,4.8,9.6,
Ryan Broekhoff,SG,29,DAL,10,0,77,5.1,11.7,.440,4.7,9.4,.500,0.5,2.3,.200,2.3,2.8,.833,0.5,6.1,6.5,1.9,0.9,0.5,0.9,3.3,17.3,
Malcolm Brogdon,PG,27,IND,33,33,994,7.3,16.7,.439,1.7,4.9,.343,5.6,11.8,.479,4.1,4.4,.926,0.8,4.3,5.1,8.7,0.9,0.2,3.0,2.2,20.4,
Dillon Brooks,SG,24,MEM,44,44,1229,7.2,17.3,.415,2.8,7.1,.393,4.4,10.2,.431,2.9,3.4,.838,1.3,3.0,4.4,2.6,1.2,0.5,2.1,4.9,20.0,
Bruce Brown,SG,23,DET,43,34,1167,4.3,9.9,.441,0.7,2.1,.333,3.6,7.7,.470,2.0,2.9,.684,1.3,4.3,5.6,5.1,1.6,0.7,2.3,3.5,11.4,
Charlie Brown,SG,22,ATL,5,0,27,4.0,13.3,.300,2.7,5.3,.500,1.3,8.0,.167,6.7,6.7,1.000,2.7,2.7,5.3,1.3,0.0,2.7,0.0,0.0,17.3,
Jaylen Brown,SF,23,BOS,36,36,1202,7.8,15.9,.491,2.2,5.8,.391,5.5,10.1,.547,3.7,4.9,.752,1.2,6.1,7.3,2.5,1.3,0.3,2.4,3.2,21.5,
Moses Brown,C,20,POR,7,0,23,6.3,14.1,.444,0.0,0.0,,6.3,14.1,.444,3.1,6.3,.500,4.7,12.5,17.2,0.0,1.6,0.0,4.7,7.8,15.7,
Sterling Brown,SF,24,MIL,32,0,477,4.3,11.3,.380,2.0,5.8,.338,2.3,5.5,.425,1.7,2.3,.767,1.6,7.7,9.3,2.4,1.4,0.3,2.2,2.6,12.3,
Troy Brown,SG,20,WAS,40,14,1027,5.6,12.3,.460,1.1,3.3,.323,4.6,9.0,.510,2.1,2.8,.763,1.6,6.6,8.3,2.9,1.9,0.1,1.6,2.6,14.5,
Jalen Brunson,PG,23,DAL,43,8,721,6.1,13.4,.459,1.4,4.4,.315,4.7,8.9,.531,1.9,2.4,.796,0.9,4.2,5.1,6.9,0.9,0.1,2.2,2.8,15.6,
Thomas Bryant,C,22,WAS,23,20,593,7.1,12.7,.557,0.7,2.3,.316,6.4,10.4,.610,2.4,3.3,.741,2.8,7.6,10.4,3.2,0.5,1.3,2.0,3.2,17.4,
Reggie Bullock,SG,28,NYK,11,8,275,5.8,14.0,.411,2.2,7.1,.315,3.5,6.9,.509,0.7,0.8,.833,0.9,1.7,2.6,1.8,2.2,0.0,0.8,3.4,14.4,
Trey Burke,PG,27,PHI,22,0,311,6.7,14.0,.479,1.9,4.2,.444,4.9,9.8,.494,1.5,2.1,.722,1.6,2.3,3.9,5.8,0.8,0.1,1.4,2.2,16.8,
Alec Burks,SG,28,GSW,43,18,1261,6.3,15.5,.406,2.0,5.5,.358,4.3,10.0,.433,5.1,5.6,.904,1.0,4.9,5.9,3.9,1.3,0.4,1.9,2.9,19.6,
Deonte Burton,SG,26,OKC,26,0,214,4.4,12.6,.347,0.8,5.7,.147,3.5,6.9,.512,0.8,1.9,.455,0.8,4.9,5.7,1.5,0.7,1.2,1.3,4.0,10.4,
Jimmy Butler,SF,30,MIA,38,38,1330,6.0,13.6,.440,0.7,2.7,.263,5.3,11.0,.484,8.1,9.8,.829,2.0,5.2,7.2,6.7,1.9,0.6,2.5,1.4,20.9,
Bruno Caboclo,SF,24,MEM,22,0,192,5.2,12.9,.406,0.7,4.7,.160,4.5,8.2,.545,0.4,0.6,.667,3.2,5.1,8.2,1.9,1.9,2.3,1.3,4.3,11.6,
Kentavious Caldwell-Pope,SG,26,LAL,44,20,1122,4.9,10.6,.465,2.1,4.9,.418,2.9,5.7,.506,1.8,2.2,.826,0.9,2.2,3.2,2.6,1.1,0.3,1.2,2.7,13.8,
Vlatko Čančar,SF,22,DEN,8,0,15,4.8,9.6,.500,2.4,4.8,.500,2.4,4.8,.500,4.8,4.8,1.000,2.4,2.4,4.8,7.2,2.4,0.0,2.4,2.4,16.8,
Clint Capela,C,25,HOU,36,36,1200,6.9,11.0,.629,0.0,0.0,,6.9,11.0,.629,1.6,2.8,.559,4.6,10.7,15.3,1.4,1.0,2.0,1.7,2.9,15.4,
DeMarre Carroll,SF,33,SAS,15,0,135,2.4,7.7,.310,0.8,3.5,.231,1.6,4.3,.375,3.2,5.3,.600,1.9,6.4,8.3,2.9,0.5,0.5,2.7,5.3,8.8,
Jevon Carter,PG,24,PHO,29,2,393,3.5,9.3,.376,1.9,5.0,.382,1.6,4.2,.370,0.6,0.8,.778,1.1,3.7,4.8,3.7,1.9,0.7,2.0,3.8,9.5,
Vince Carter,SF,43,ATL,38,0,572,4.2,12.5,.333,2.5,8.4,.291,1.7,4.0,.422,0.9,1.3,.714,0.5,4.0,4.5,2.3,0.8,1.0,1.4,3.5,11.7,
Wendell Carter,C,20,CHI,37,37,1109,5.4,10.0,.537,0.2,0.9,.214,5.2,9.1,.569,3.1,4.2,.736,4.2,7.7,11.9,1.4,1.0,1.1,2.0,4.6,14.1,
Michael Carter-Williams,SG,28,ORL,22,0,359,4.6,11.9,.387,0.8,3.4,.235,3.8,8.5,.447,2.6,3.7,.703,2.0,4.7,6.7,4.4,2.3,0.9,2.1,3.5,12.6,
Alex Caruso,PG,25,LAL,41,0,783,3.5,8.6,.409,1.2,3.5,.342,2.3,5.1,.455,2.1,2.7,.793,0.5,3.2,3.7,3.3,1.8,0.6,1.7,3.0,10.3,
Willie Cauley-Stein,C,26,GSW,41,37,940,5.5,9.8,.560,0.0,0.0,,5.5,9.8,.560,1.3,2.2,.614,2.7,7.0,9.8,2.3,1.7,1.9,1.3,3.9,12.4,
Tyson Chandler,C,37,HOU,25,5,219,2.3,3.0,.778,0.0,0.0,,2.3,3.0,.778,1.0,2.1,.462,4.1,6.7,10.8,1.0,1.0,1.3,1.3,5.3,5.6,
Wilson Chandler,SF,32,BRK,14,0,281,4.4,9.9,.442,1.5,5.5,.279,2.8,4.4,.647,1.2,1.3,.900,0.4,7.8,8.2,2.3,1.2,0.6,2.0,3.7,11.4,
Zylan Cheatham,SF,24,NOP,3,0,31,2.3,5.8,.400,0.0,1.2,.000,2.3,4.6,.500,0.0,0.0,,1.2,5.8,7.0,2.3,0.0,1.2,3.5,5.8,4.6,
Chris Chiozza,PG,24,TOT,11,0,130,2.8,10.2,.270,1.9,5.0,.389,0.8,5.3,.158,0.0,0.0,,0.0,4.4,4.4,8.0,2.8,0.6,2.5,3.3,7.5,
Marquese Chriss,PF,22,GSW,41,3,720,5.6,11.3,.502,0.2,1.1,.217,5.4,10.1,.535,3.7,4.9,.755,3.9,7.3,11.2,3.6,1.2,1.7,2.8,3.9,15.2,
Gary Clark,PF,25,TOT,23,0,281,4.0,9.6,.413,2.8,7.9,.355,1.2,1.7,.692,0.8,0.9,.857,2.4,5.0,7.4,1.5,0.3,1.2,0.5,2.9,11.5,
Brandon Clarke,PF,23,MEM,38,2,816,8.5,13.5,.630,0.8,1.9,.409,7.7,11.5,.667,2.4,3.0,.809,2.2,7.2,9.4,2.6,0.7,1.4,1.6,2.8,20.2,
Jordan Clarkson,SG,27,TOT,43,0,1020,7.8,17.5,.447,3.0,8.5,.358,4.8,9.1,.529,3.4,4.0,.848,1.1,2.7,3.8,3.1,0.9,0.4,1.8,1.9,22.1,
Nicolas Claxton,PF,20,BRK,12,0,156,5.5,9.7,.571,0.2,1.6,.143,5.3,8.1,.657,1.6,3.5,.467,3.7,3.7,7.4,3.2,0.2,1.8,1.6,2.8,12.9,
Chris Clemons,SG,22,HOU,25,0,224,7.7,17.8,.432,5.3,13.8,.384,2.4,4.0,.600,0.6,0.8,.800,0.3,2.9,3.2,3.1,1.0,0.8,2.6,3.2,21.4,
Antonius Cleveland,SG,25,DAL,3,0,14,5.1,7.7,.667,0.0,2.6,.000,5.1,5.1,1.000,0.0,0.0,,0.0,7.7,7.7,0.0,0.0,0.0,2.6,0.0,10.3,
Amir Coffey,SG,22,LAC,2,0,5,14.4,21.6,.667,7.2,14.4,.500,7.2,7.2,1.000,0.0,0.0,,0.0,0.0,0.0,7.2,0.0,0.0,0.0,7.2,36.0,
John Collins,PF,22,ATL,19,19,583,8.6,16.7,.515,1.7,4.7,.355,6.9,12.0,.577,2.7,3.4,.782,2.8,8.8,11.6,1.5,0.9,2.5,2.0,4.2,21.5,
Zach Collins,PF,22,POR,3,3,86,3.8,8.0,.474,1.3,2.9,.429,2.5,5.0,.500,2.5,2.5,1.000,1.7,3.3,5.0,2.5,0.0,0.8,2.5,4.6,11.3,
Mike Conley,PG,32,UTA,25,22,699,5.7,15.0,.377,2.2,6.2,.355,3.5,8.8,.392,3.1,3.9,.803,0.8,3.1,3.9,5.6,1.0,0.2,2.4,2.7,16.7,
Pat Connaughton,SG,27,MIL,41,0,724,3.8,8.7,.440,1.3,4.5,.286,2.5,4.2,.607,0.9,1.2,.720,1.5,6.9,8.5,3.4,0.6,1.1,1.7,2.0,9.8,
Quinn Cook,PG,26,LAL,29,0,366,6.6,14.5,.456,2.1,5.4,.382,4.5,9.0,.500,0.6,0.9,.667,0.6,3.0,3.6,3.6,1.0,0.1,2.2,2.0,15.8,
Tyler Cook,PF,22,CLE,9,0,31,7.0,9.3,.750,0.0,0.0,,7.0,9.3,.750,5.8,7.0,.833,4.6,4.6,9.3,1.2,1.2,0.0,1.2,4.6,19.7,
Robert Covington,PF,29,MIN,43,42,1252,5.5,12.7,.434,2.7,7.9,.345,2.8,4.7,.582,1.9,2.4,.798,0.9,6.4,7.3,1.5,2.1,1.1,1.8,3.6,15.6,
Allen Crabbe,SG,27,TOT,30,1,559,3.5,9.9,.357,2.1,6.5,.317,1.5,3.4,.434,0.6,0.8,.750,0.6,3.7,4.4,2.0,1.0,0.3,0.8,2.5,9.7,
Torrey Craig,SF,29,DEN,31,9,451,3.4,8.3,.413,1.0,4.0,.240,2.5,4.3,.574,1.0,1.6,.650,1.8,4.2,6.0,1.4,1.0,1.5,1.1,5.0,8.9,
Jae Crowder,SF,29,MEM,41,41,1214,4.1,11.1,.365,2.2,7.4,.295,1.9,3.7,.508,1.8,2.4,.775,1.1,6.4,7.5,3.4,1.3,0.4,1.5,2.4,12.2,
Jarrett Culver,SG,20,MIN,43,30,1065,5.6,14.2,.393,1.5,5.5,.278,4.1,8.7,.465,1.4,3.0,.466,1.9,3.4,5.2,2.8,1.4,1.0,2.0,2.9,14.1,
Seth Curry,SG,29,DAL,41,9,923,5.9,12.9,.458,2.9,7.4,.395,3.0,5.5,.542,2.0,2.2,.895,0.7,2.3,3.1,2.7,0.9,0.3,1.6,2.6,16.8,
Stephen Curry,PG,31,GSW,4,4,112,8.7,21.2,.409,2.9,11.9,.243,5.8,9.3,.621,5.8,5.8,1.000,1.3,5.1,6.4,8.4,1.6,0.6,4.8,3.2,26.0,
Troy Daniels,SG,28,LAL,33,0,398,5.0,12.2,.407,3.3,8.6,.379,1.7,3.6,.475,0.6,0.9,.700,0.6,2.7,3.3,1.1,0.7,0.2,0.6,2.2,13.8,
Anthony Davis,PF,26,LAL,37,37,1284,9.5,19.0,.503,1.1,3.6,.300,8.4,15.3,.551,7.5,8.6,.866,2.2,7.2,9.5,3.4,1.6,2.6,2.4,2.6,27.6,
Ed Davis,C,30,UTA,22,0,239,1.8,4.8,.375,0.0,0.0,,1.8,4.8,.375,0.8,1.7,.455,3.8,9.5,13.3,1.2,1.4,1.4,2.0,7.7,4.4,
Terence Davis,SG,22,TOR,44,1,745,5.7,12.2,.462,2.7,6.8,.397,2.9,5.4,.545,1.4,1.5,.938,1.6,5.8,7.3,4.2,1.1,0.4,2.2,3.1,15.5,
Dewayne Dedmon,C,30,SAC,29,5,417,5.0,12.3,.406,1.1,5.3,.213,3.9,7.1,.549,1.8,2.2,.808,3.3,7.8,11.1,0.9,0.8,1.1,3.4,6.4,12.9,
Matthew Dellavedova,PG,29,CLE,41,0,524,2.7,8.2,.333,0.8,4.4,.172,2.0,3.8,.518,1.7,1.9,.893,0.8,2.5,3.4,7.5,1.0,0.1,2.4,4.1,8.0,
DeMar DeRozan,SF,30,SAS,43,43,1473,8.9,16.7,.533,0.2,0.7,.296,8.7,16.1,.543,5.5,6.6,.841,0.7,5.2,5.9,5.5,1.1,0.3,2.6,3.0,23.6,
Cheick Diallo,C,23,PHO,28,0,257,7.3,11.1,.658,0.1,0.3,.500,7.1,10.8,.662,2.9,3.5,.840,2.4,7.6,9.9,2.0,0.8,0.6,2.0,3.6,17.6,
Hamidou Diallo,SF,21,OKC,25,2,487,5.3,12.2,.436,0.4,1.8,.200,5.0,10.3,.479,1.7,2.7,.639,1.5,4.2,5.7,1.3,1.7,0.4,1.9,4.1,12.7,
Gorgui Dieng,C,30,MIN,40,17,724,5.7,12.8,.447,2.1,5.4,.394,3.6,7.4,.486,2.2,2.8,.804,3.4,8.5,11.8,2.7,1.8,1.9,1.9,4.2,15.8,
Spencer Dinwiddie,SG,26,BRK,42,31,1304,8.4,20.0,.419,2.2,7.4,.302,6.1,12.6,.488,6.3,8.1,.776,0.5,3.3,3.7,7.4,0.8,0.4,3.4,3.6,25.3,
Donte DiVincenzo,SG,23,MIL,41,20,930,5.3,11.9,.448,1.9,5.7,.333,3.4,6.2,.553,1.5,1.9,.792,1.4,5.8,7.2,3.7,2.4,0.4,1.9,2.5,14.1,
Luka Dončić,PG,20,DAL,39,39,1282,10.4,22.2,.466,3.3,10.0,.327,7.1,12.2,.580,7.9,10.2,.777,1.6,9.0,10.6,9.8,1.1,0.2,4.7,2.7,31.9,
Luguentz Dort,SG,20,OKC,10,2,193,2.8,8.0,.349,0.6,3.9,.143,2.2,4.1,.545,2.1,3.0,.688,0.6,1.7,2.2,1.7,1.1,0.0,1.3,5.8,8.2,
Damyean Dotson,SG,25,NYK,38,0,644,5.1,12.6,.404,2.3,7.0,.325,2.8,5.5,.505,0.9,1.3,.667,0.4,3.6,4.0,2.6,1.0,0.2,0.9,1.6,13.4,
Sekou Doumbouya,SF,19,DET,18,10,340,5.4,11.5,.468,1.4,4.6,.302,4.0,7.0,.576,2.1,3.2,.667,0.8,5.5,6.4,0.8,1.0,0.5,1.5,4.2,14.3,
PJ Dozier,PG,23,DEN,5,0,77,8.9,18.2,.487,1.4,4.7,.300,7.5,13.6,.552,0.0,0.0,,0.5,4.7,5.1,4.7,0.0,0.0,1.9,4.7,19.2,
Goran Dragić,PG,33,MIA,34,1,951,7.0,15.6,.451,2.9,7.3,.392,4.2,8.3,.505,3.4,4.6,.730,0.6,3.4,3.9,6.4,0.7,0.3,3.4,2.4,20.3,
Andre Drummond,C,26,DET,42,41,1406,7.6,14.4,.531,0.0,0.5,.050,7.6,13.9,.549,3.3,5.5,.600,4.7,12.1,16.9,2.9,2.3,1.9,3.9,3.9,18.6,
Jared Dudley,SF,34,LAL,30,1,256,2.3,5.3,.421,1.8,3.8,.481,0.4,1.5,.273,0.3,0.3,1.000,0.4,3.5,3.9,2.5,1.3,0.3,0.8,4.8,6.6,
Kris Dunn,PG,25,CHI,46,27,1157,4.2,9.9,.428,0.9,3.3,.262,3.4,6.6,.512,1.2,1.6,.740,0.7,4.5,5.2,4.7,2.9,0.5,1.9,4.6,10.5,
Carsen Edwards,SG,21,BOS,28,0,279,4.1,12.9,.320,2.5,7.9,.311,1.7,5.0,.333,1.4,1.7,.846,0.6,4.5,5.2,2.8,1.3,0.3,1.9,3.1,12.1,
Henry Ellenson,PF,23,BRK,5,0,15,2.4,16.8,.143,0.0,9.6,.000,2.4,7.2,.333,0.0,0.0,,4.8,9.6,14.4,2.4,0.0,0.0,0.0,2.4,4.8,
Wayne Ellington,SG,32,NYK,23,1,330,3.5,10.8,.323,2.7,8.8,.309,0.8,2.0,.389,0.4,0.7,.667,0.2,3.9,4.1,2.5,0.9,0.2,1.5,2.4,10.1,
Joel Embiid,C,25,PHI,31,31,963,8.9,18.8,.472,1.4,4.4,.322,7.5,14.4,.518,7.9,9.4,.837,3.0,11.3,14.3,3.8,0.9,1.6,3.5,4.1,27.1,
James Ennis,SF,29,PHI,44,0,736,4.6,10.5,.444,1.8,5.0,.363,2.8,5.5,.518,2.3,3.0,.787,2.3,4.7,7.1,1.9,1.0,0.6,1.4,4.1,13.5,
Drew Eubanks,PF,22,SAS,7,0,38,8.5,13.3,.643,0.0,0.0,,8.5,13.3,.643,2.8,2.8,1.000,5.7,9.5,15.2,1.9,0.0,0.9,3.8,4.7,19.9,
Jacob Evans,SG,22,GSW,22,0,330,3.7,11.9,.312,1.1,3.2,.345,2.6,8.7,.300,2.1,2.5,.826,0.8,2.8,3.6,2.4,0.8,0.9,2.7,3.5,10.6,
Dante Exum,SG,24,TOT,22,0,279,4.6,9.5,.486,1.3,3.4,.385,3.4,6.2,.542,2.2,3.2,.680,0.4,3.9,4.3,2.8,0.8,0.5,2.7,2.7,12.8,
Tacko Fall,C,24,BOS,4,0,21,13.7,18.9,.727,0.0,0.0,,13.7,18.9,.727,1.7,5.1,.333,0.0,17.1,17.1,0.0,0.0,3.4,5.1,6.9,29.1,
Derrick Favors,C,28,NOP,26,24,628,6.7,10.7,.626,0.1,0.2,.250,6.6,10.5,.634,1.1,1.9,.588,4.9,10.1,15.1,3.0,0.9,1.6,1.9,3.5,14.6,
Cristiano Felício,PF,27,CHI,6,0,71,4.6,6.1,.750,0.0,0.0,,4.6,6.1,.750,1.5,1.5,1.000,4.6,4.1,8.6,2.0,0.5,0.0,1.0,2.0,10.6,
Terrance Ferguson,SF,21,OKC,36,36,935,2.5,6.4,.398,1.6,4.9,.320,1.0,1.5,.658,0.3,0.4,.818,0.8,1.5,2.3,1.3,0.8,0.5,1.0,4.5,7.0,
Bruno Fernando,C,21,ATL,40,9,490,4.8,9.9,.489,0.3,2.1,.143,4.6,7.9,.579,1.8,2.9,.615,3.6,6.0,9.6,2.8,1.0,1.0,2.5,5.4,11.8,
Yogi Ferrell,PG,26,SAC,33,0,408,5.2,12.1,.431,1.4,4.5,.314,3.8,7.6,.500,2.5,2.8,.875,0.4,3.1,3.5,4.3,1.0,0.3,1.7,2.2,14.3,
Dorian Finney-Smith,PF,26,DAL,43,40,1272,4.0,8.7,.463,1.9,5.0,.376,2.1,3.7,.581,1.4,1.9,.716,2.4,4.0,6.4,1.7,0.8,0.6,1.1,2.7,11.3,
Bryn Forbes,SG,26,SAS,43,42,1107,5.5,13.7,.403,3.3,8.8,.370,2.3,4.9,.461,1.6,2.0,.820,0.3,2.8,3.1,2.4,0.7,0.0,1.3,2.6,15.9,
Evan Fournier,SG,27,ORL,44,44,1380,7.7,16.3,.472,2.9,7.3,.406,4.7,9.1,.524,3.4,4.1,.816,0.2,2.8,3.0,3.8,1.2,0.2,2.4,2.9,21.7,
De'Aaron Fox,PG,22,SAC,26,24,815,8.1,17.0,.475,1.1,3.8,.306,6.9,13.3,.523,4.7,6.8,.690,1.0,3.9,4.9,8.2,1.7,0.5,3.8,3.4,22.0,
Melvin Frazier,SG,23,ORL,11,0,43,5.0,14.2,.353,3.3,5.9,.571,1.7,8.4,.200,1.7,3.3,.500,0.8,2.5,3.3,0.8,2.5,1.7,1.7,6.7,15.1,
Michael Frazier,SG,25,HOU,4,0,20,3.6,10.8,.333,1.8,9.0,.200,1.8,1.8,1.000,0.0,0.0,,1.8,3.6,5.4,1.8,1.8,0.0,0.0,7.2,9.0,
Tim Frazier,PG,29,DET,26,11,351,3.5,9.5,.366,1.0,3.1,.333,2.5,6.5,.381,1.9,2.5,.792,0.9,2.5,3.4,9.5,1.4,0.4,3.6,4.3,9.9,
Markelle Fultz,PG,21,ORL,44,39,1208,6.5,13.9,.464,0.6,2.3,.260,5.9,11.7,.504,2.1,2.8,.745,0.6,4.0,4.6,6.1,1.6,0.2,2.6,2.5,15.6,
Wenyen Gabriel,PF,22,SAC,11,0,61,3.5,10.0,.353,0.6,4.7,.125,3.0,5.3,.556,3.5,5.9,.600,2.4,3.5,5.9,1.8,1.8,1.2,3.0,4.1,11.2,
Daniel Gafford,C,21,CHI,32,4,411,5.9,8.7,.677,0.0,0.0,,5.9,8.7,.677,1.7,3.2,.528,3.3,3.4,6.7,1.2,0.8,3.7,1.3,5.3,13.4,
Danilo Gallinari,PF,31,OKC,38,38,1164,6.8,15.8,.433,3.6,8.8,.408,3.2,7.0,.465,5.0,5.6,.906,0.8,5.9,6.8,2.6,0.8,0.1,1.6,1.5,22.3,
Langston Galloway,SG,28,DET,45,6,1139,4.9,11.5,.430,2.8,7.1,.389,2.1,4.3,.496,1.9,2.2,.859,0.6,2.5,3.1,2.1,1.2,0.3,0.9,1.8,14.6,
Darius Garland,PG,20,CLE,44,44,1316,5.6,14.0,.399,2.2,6.2,.355,3.4,7.7,.435,1.4,1.6,.867,0.5,1.9,2.4,4.4,0.9,0.0,3.2,1.8,14.8,
Marc Gasol,C,35,TOR,32,32,891,3.6,8.6,.420,1.8,4.5,.402,1.8,4.0,.440,1.0,1.4,.714,1.0,7.3,8.2,4.5,1.1,1.3,1.7,3.8,10.0,
Rudy Gay,PF,33,SAS,40,5,889,6.2,13.8,.446,1.7,5.3,.331,4.4,8.5,.517,2.9,3.4,.847,1.6,7.7,9.3,2.9,0.8,0.9,2.3,2.3,17.0,
Paul George,SF,29,LAC,26,26,799,8.9,20.8,.429,4.2,10.7,.395,4.7,10.1,.464,5.4,5.9,.909,0.5,6.4,7.0,4.4,1.7,0.5,3.8,2.9,27.5,
Taj Gibson,C,34,NYK,42,36,697,5.2,9.4,.549,0.1,0.5,.200,5.1,8.9,.570,1.3,1.8,.735,3.9,5.5,9.3,2.1,1.1,0.8,1.8,4.8,11.7,
Harry Giles,PF,21,SAC,18,3,194,6.7,14.7,.456,0.0,0.0,,6.7,14.7,.456,2.2,2.6,.857,2.2,6.9,9.1,4.1,1.9,0.7,3.3,7.4,15.6,
Shai Gilgeous-Alexander,SG,21,OKC,45,45,1600,7.3,15.4,.474,1.2,3.5,.340,6.1,11.9,.513,4.2,5.1,.823,0.7,5.4,6.1,3.1,1.3,0.5,2.0,1.7,20.0,
Rudy Gobert,C,27,UTA,42,42,1438,6.4,9.3,.683,0.0,0.0,,6.4,9.3,.683,3.7,6.0,.618,3.9,11.4,15.2,1.8,0.8,2.1,2.0,3.2,16.4,
Brandon Goodwin,PG,24,ATL,16,1,205,6.7,16.7,.400,2.6,7.7,.341,4.0,9.0,.451,2.5,2.5,1.000,0.7,4.9,5.6,4.4,1.4,0.5,2.6,4.2,18.4,
Aaron Gordon,PF,24,ORL,39,39,1225,5.8,13.8,.424,1.3,4.4,.293,4.6,9.4,.486,2.4,3.5,.678,1.9,6.3,8.2,3.4,0.8,0.6,1.8,2.3,15.3,
Eric Gordon,SG,31,HOU,19,4,550,5.8,16.2,.360,3.8,11.0,.345,2.0,5.2,.392,1.7,2.7,.634,0.4,1.9,2.3,1.5,0.5,0.3,1.5,2.6,17.1,
Devonte' Graham,PG,24,CHO,45,35,1585,6.0,15.9,.376,3.7,9.7,.386,2.2,6.2,.361,3.3,4.0,.826,0.8,2.9,3.7,7.8,0.9,0.3,3.0,1.9,19.0,
Treveon Graham,SG,26,TOT,35,20,684,3.4,9.5,.356,1.1,4.5,.244,2.3,4.9,.457,1.5,2.1,.718,1.6,3.8,5.4,1.6,0.9,0.1,1.1,3.6,9.3,
Jerami Grant,PF,25,DEN,44,11,1081,5.5,11.7,.466,1.7,4.6,.374,3.7,7.1,.526,2.7,3.9,.686,1.1,3.9,5.0,1.4,0.8,1.1,1.2,2.9,15.4,
Josh Gray,PG,26,NOP,2,0,23,1.6,3.1,.500,0.0,0.0,,1.6,3.1,.500,0.0,0.0,,1.6,1.6,3.1,3.1,0.0,0.0,7.8,1.6,3.1,
Danny Green,SG,32,LAL,43,43,1079,4.5,10.6,.428,2.8,7.3,.381,1.8,3.3,.530,0.9,1.2,.703,1.0,4.1,5.1,1.9,1.8,0.7,1.2,3.2,12.7,
Draymond Green,PF,29,GSW,33,33,960,3.7,9.6,.384,1.0,3.7,.273,2.7,5.9,.455,1.9,2.6,.754,0.7,7.1,7.8,6.8,1.8,0.9,2.7,3.2,10.3,
JaMychal Green,PF,29,LAC,36,0,763,3.9,9.7,.400,2.3,6.6,.345,1.6,3.1,.515,1.3,1.7,.771,2.5,8.5,11.0,1.2,0.8,0.7,1.6,4.5,11.3,
Javonte Green,SF,26,BOS,35,0,293,5.3,10.2,.518,0.7,2.3,.316,4.5,7.9,.578,2.6,3.7,.700,1.4,5.0,6.4,1.6,1.7,0.6,1.4,3.2,13.9,
Jeff Green,PF,33,UTA,30,2,553,4.9,12.7,.385,2.2,6.8,.327,2.7,5.9,.451,3.2,4.1,.778,0.9,4.4,5.3,1.3,0.8,0.7,1.8,3.0,15.2,
Blake Griffin,PF,30,DET,18,18,512,6.2,17.6,.352,1.9,7.8,.243,4.3,9.8,.439,5.3,6.9,.776,1.2,4.7,5.9,4.1,0.5,0.5,2.8,1.9,19.6,
Marko Guduric,SG,24,MEM,29,0,398,4.3,11.6,.367,1.6,5.9,.277,2.6,5.7,.460,1.5,1.7,.895,1.1,4.0,5.1,3.4,0.8,0.6,2.6,2.4,11.7,
Kyle Guy,SG,22,SAC,1,0,3,0.0,12.0,.000,0.0,12.0,.000,0.0,0.0,,0.0,0.0,,0.0,0.0,0.0,0.0,0.0,0.0,0.0,0.0,0.0,
Rui Hachimura,PF,21,WAS,25,25,729,7.2,15.0,.482,0.5,2.4,.208,6.7,12.6,.533,2.3,2.7,.852,1.9,5.2,7.2,2.0,0.9,0.1,1.0,2.8,17.2,
Devon Hall,SG,24,OKC,5,0,20,1.8,9.0,.200,0.0,3.6,.000,1.8,5.4,.333,5.4,7.2,.750,0.0,1.8,1.8,5.4,0.0,0.0,1.8,1.8,9.0,
Tim Hardaway,SG,27,DAL,40,27,1047,6.9,16.0,.430,3.7,9.4,.392,3.2,6.6,.484,2.3,3.0,.782,0.6,3.5,4.1,2.3,0.9,0.1,1.1,2.4,19.8,
James Harden,SG,30,HOU,42,42,1559,10.3,23.2,.441,4.6,12.8,.360,5.6,10.4,.541,10.4,12.1,.859,1.1,5.0,6.1,7.1,1.6,0.9,4.5,3.1,35.5,
Maurice Harkless,SF,26,LAC,44,32,992,3.5,6.8,.516,0.7,2.2,.333,2.8,4.6,.602,0.9,1.5,.571,1.6,4.8,6.4,1.5,1.6,1.0,1.5,3.8,8.6,
Jared Harper,PG,22,PHO,1,0,2,0.0,18.0,.000,0.0,18.0,.000,0.0,0.0,,0.0,0.0,,0.0,0.0,0.0,0.0,0.0,0.0,0.0,0.0,0.0,
Montrezl Harrell,C,26,LAC,44,2,1266,9.8,17.2,.572,0.0,0.4,.000,9.8,16.8,.586,4.6,7.3,.629,3.5,5.4,9.0,2.2,0.9,1.4,2.4,2.8,24.3,
Gary Harris,SG,25,DEN,37,37,1217,4.5,10.7,.421,1.5,4.7,.316,3.0,6.1,.502,1.5,1.8,.823,0.6,2.4,3.0,2.4,1.6,0.3,1.1,2.6,12.0,
Joe Harris,SF,28,BRK,41,41,1302,5.9,12.8,.460,2.8,6.8,.408,3.1,6.0,.518,1.3,1.8,.734,1.0,3.7,4.7,2.4,0.7,0.3,1.7,2.8,15.8,
Tobias Harris,PF,27,PHI,46,46,1579,7.9,16.6,.477,1.9,5.2,.358,6.1,11.4,.532,2.5,3.2,.799,0.8,6.2,7.0,3.1,0.8,0.6,1.6,2.5,20.3,
Shaquille Harrison,SF,26,CHI,27,4,193,4.8,12.1,.400,0.7,2.8,.267,4.1,9.3,.440,3.4,4.8,.692,1.3,5.2,6.5,4.7,2.2,0.9,1.1,4.1,13.8,
Josh Hart,SF,24,NOP,38,11,1078,4.6,11.1,.414,2.7,7.7,.349,1.9,3.4,.564,1.6,2.1,.750,1.2,6.4,7.6,1.8,1.3,0.4,1.6,3.6,13.5,
Isaiah Hartenstein,C,21,HOU,19,2,242,6.1,8.9,.683,0.0,0.4,.000,6.1,8.5,.719,2.7,3.9,.692,3.7,8.6,12.3,2.4,1.2,1.8,1.9,5.5,14.9,
Udonis Haslem,PF,39,MIA,2,0,11,3.3,3.3,1.000,0.0,0.0,,3.3,3.3,1.000,9.8,13.1,.750,0.0,9.8,9.8,0.0,0.0,0.0,0.0,9.8,16.4,
Jaxson Hayes,C,19,NOP,42,12,833,5.9,8.9,.668,0.0,0.2,.250,5.9,8.7,.677,4.0,6.3,.634,3.2,5.4,8.6,1.8,0.9,2.1,1.5,5.3,15.9,
Gordon Hayward,SF,29,BOS,27,27,861,7.3,14.3,.510,1.6,4.5,.364,5.7,9.9,.576,1.9,2.2,.868,1.0,5.6,6.6,4.6,0.8,0.5,1.8,2.0,18.2,
John Henson,PF,29,CLE,21,1,277,5.6,10.7,.524,0.4,2.5,.158,5.2,8.2,.635,1.7,3.4,.500,2.9,7.5,10.4,3.9,1.6,3.2,1.9,4.2,13.3,
Dewan Hernandez,C,23,TOR,4,0,11,3.3,16.4,.200,0.0,3.3,.000,3.3,13.1,.250,6.5,6.5,1.000,6.5,16.4,22.9,0.0,3.3,0.0,3.3,19.6,13.1,
Juan Hernangómez,PF,24,DEN,29,0,342,3.1,8.8,.345,1.4,5.3,.260,1.7,3.6,.471,1.1,2.0,.526,1.6,5.8,7.4,2.0,0.3,0.3,1.4,2.2,8.5,
Willy Hernangómez,C,25,CHO,16,0,119,8.8,14.8,.592,1.2,3.3,.364,7.6,11.5,.658,3.6,7.6,.480,4.8,8.5,13.3,1.5,0.3,1.2,3.3,2.4,22.4,
Tyler Herro,SG,20,MIA,41,3,1137,6.2,14.8,.419,2.8,7.0,.403,3.4,7.8,.433,1.9,2.2,.855,0.4,5.0,5.4,2.8,0.9,0.1,2.2,1.7,17.1,
Kevin Hervey,PF,23,OKC,4,0,9,0.0,16.0,.000,0.0,12.0,.000,0.0,4.0,.000,0.0,0.0,,0.0,8.0,8.0,4.0,0.0,0.0,0.0,4.0,0.0,
Mario Hezonja,PF,24,POR,33,4,551,3.4,8.6,.397,0.8,2.7,.310,2.5,5.8,.438,2.3,2.7,.854,1.4,7.1,8.4,1.8,1.3,0.3,1.8,4.9,9.9,
Buddy Hield,SG,27,SAC,44,44,1513,7.7,18.4,.416,3.7,10.3,.360,3.9,8.1,.487,1.9,2.3,.816,0.9,4.3,5.3,3.4,0.9,0.3,2.7,2.8,20.9,
George Hill,PG,33,MIL,42,0,883,6.0,11.0,.544,2.7,5.0,.533,3.3,6.0,.554,2.1,2.6,.810,1.6,3.7,5.3,5.2,1.3,0.2,1.5,2.4,16.7,
Solomon Hill,SF,28,MEM,42,2,792,4.0,9.8,.403,2.3,6.1,.373,1.7,3.7,.451,1.0,1.4,.710,1.0,4.9,5.9,3.7,1.4,0.3,1.5,2.6,11.2,
Jaylen Hoard,SF,20,POR,12,0,94,5.0,11.1,.448,0.0,1.1,.000,5.0,10.0,.500,2.3,4.2,.545,5.0,6.5,11.5,1.5,1.9,0.0,1.5,3.8,12.3,
Aaron Holiday,PG,23,IND,43,18,995,5.9,14.1,.417,2.3,5.7,.408,3.6,8.5,.423,1.7,2.0,.870,0.6,3.0,3.6,5.4,1.2,0.3,2.2,2.9,15.8,
Jrue Holiday,SG,29,NOP,36,36,1279,7.9,17.9,.443,2.1,5.9,.355,5.8,12.0,.486,2.1,3.0,.724,1.3,3.6,4.9,6.4,1.7,0.8,3.1,2.2,20.1,
Justin Holiday,SG,30,IND,45,2,1138,4.0,9.5,.423,2.6,6.2,.415,1.5,3.3,.438,0.9,1.2,.789,0.6,4.2,4.8,2.1,1.4,0.9,0.8,2.5,11.5,
Rondae Hollis-Jefferson,SF,25,TOR,36,2,722,5.2,11.1,.471,0.1,0.7,.143,5.1,10.4,.493,3.6,4.9,.737,3.9,5.3,9.3,3.1,1.7,0.7,1.8,3.8,14.2,
Richaun Holmes,C,26,SAC,37,33,1087,6.8,10.2,.660,0.0,0.0,,6.8,10.2,.660,2.5,3.1,.817,3.7,6.7,10.4,1.2,1.3,1.7,1.5,4.8,16.0,
Rodney Hood,SF,27,POR,21,21,619,5.1,10.0,.506,2.0,4.1,.493,3.0,5.9,.515,1.2,1.6,.778,0.6,3.6,4.2,1.9,1.0,0.2,1.1,2.7,13.4,
Al Horford,C,33,PHI,42,42,1303,6.0,13.3,.449,1.6,4.9,.318,4.4,8.3,.526,1.0,1.4,.700,1.9,5.8,7.7,4.6,1.1,1.1,1.2,2.6,14.5,
Talen Horton-Tucker,SG,19,LAL,2,0,5,0.0,7.2,.000,0.0,7.2,.000,0.0,0.0,,0.0,0.0,,0.0,0.0,0.0,14.4,7.2,0.0,0.0,0.0,0.0,
Danuel House,SF,26,HOU,37,29,1120,4.1,9.8,.424,2.3,6.4,.364,1.8,3.4,.538,1.4,1.8,.750,1.2,3.4,4.7,1.4,1.1,0.6,1.1,2.6,12.0,
Dwight Howard,C,34,LAL,44,0,884,5.5,7.7,.723,0.1,0.2,.600,5.4,7.5,.727,2.4,4.9,.496,4.6,9.2,13.8,1.3,0.8,2.6,2.2,6.0,13.6,
Kevin Huerter,SG,21,ATL,34,26,953,5.3,13.0,.408,2.7,7.0,.391,2.6,6.0,.428,1.4,1.7,.826,0.8,4.7,5.5,4.3,1.1,0.6,2.2,2.9,14.7,
De'Andre Hunter,SF,22,ATL,44,43,1365,5.0,12.6,.400,1.8,5.5,.332,3.2,7.1,.452,2.0,2.6,.763,0.6,3.8,4.4,2.1,0.8,0.3,1.9,3.1,13.8,
Chandler Hutchison,SF,23,CHI,19,6,303,4.6,10.2,.453,1.0,2.1,.444,3.7,8.1,.456,3.4,5.6,.617,0.5,6.8,7.2,1.5,2.1,0.6,2.3,3.4,13.7,
Serge Ibaka,C,30,TOR,34,14,901,8.2,16.3,.501,1.3,3.6,.371,6.8,12.7,.538,2.6,3.4,.744,2.9,8.5,11.3,1.7,0.7,1.1,2.7,3.8,20.2,
Ersan İlyasova,PF,32,MIL,41,4,682,6.1,12.3,.498,2.0,5.4,.373,4.1,6.9,.595,2.8,3.4,.828,2.5,9.1,11.6,2.1,0.8,0.7,1.2,3.3,17.0,
Joe Ingles,SF,32,UTA,44,24,1314,4.6,10.1,.451,2.7,6.3,.422,1.9,3.8,.500,1.3,1.6,.783,0.4,4.7,5.1,6.0,1.1,0.2,2.3,2.4,13.1,
Brandon Ingram,PF,22,NOP,40,40,1386,9.1,19.4,.471,2.6,6.5,.394,6.5,12.8,.510,5.7,6.7,.853,0.9,5.9,6.9,4.5,1.0,0.8,3.1,3.0,26.5,
Kyrie Irving,PG,27,BRK,15,15,491,10.7,23.3,.459,2.8,7.7,.362,7.9,15.6,.507,5.0,5.4,.919,1.2,4.7,5.9,7.6,1.5,0.6,2.4,2.7,29.2,
Jonathan Isaac,SF,22,ORL,32,32,949,5.7,12.2,.463,1.1,3.5,.330,4.5,8.8,.515,2.1,2.8,.767,2.2,6.3,8.4,1.7,1.9,3.0,1.8,3.0,14.6,
Wesley Iwundu,SF,25,ORL,31,10,569,3.1,8.7,.358,0.6,2.5,.250,2.5,6.1,.402,2.7,3.3,.808,1.1,4.2,5.3,1.9,1.3,0.6,1.0,3.1,9.5,
Frank Jackson,PG,21,NOP,36,1,498,5.7,14.5,.395,2.0,6.7,.304,3.7,7.8,.472,2.5,3.2,.773,0.9,2.5,3.4,2.1,0.9,0.1,2.3,3.6,15.9,
Jaren Jackson,C,20,MEM,43,43,1204,8.3,17.4,.476,3.4,8.3,.406,4.9,9.1,.539,2.8,3.7,.752,1.3,4.8,6.2,1.9,0.9,1.9,2.2,5.2,22.8,
Justin Jackson,PF,24,DAL,38,2,611,5.1,12.5,.410,2.0,6.4,.312,3.1,6.1,.515,1.4,1.6,.821,0.9,4.5,5.4,1.3,0.5,0.3,0.4,2.8,13.6,
Reggie Jackson,PG,29,DET,3,2,55,7.9,16.4,.480,2.6,7.9,.333,5.2,8.5,.615,2.6,2.6,1.000,0.7,4.6,5.2,7.9,1.3,0.0,1.3,1.3,20.9,
Justin James,SG,23,SAC,25,0,205,4.9,12.3,.400,1.4,4.2,.333,3.5,8.1,.435,0.7,2.3,.308,0.7,4.2,4.9,2.5,1.1,1.6,1.4,2.6,11.9,
LeBron James,PG,35,LAL,42,42,1462,10.0,20.3,.492,2.1,6.3,.343,7.8,14.0,.559,3.9,5.6,.694,1.1,6.8,7.9,11.2,1.4,0.5,3.9,1.8,26.0,
Amile Jefferson,PF,26,ORL,15,0,70,2.6,6.7,.385,0.0,0.0,,2.6,6.7,.385,2.1,6.2,.333,4.1,6.7,10.8,2.1,0.0,1.5,1.5,3.6,7.2,
DaQuan Jeffries,SG,22,SAC,3,0,12,3.0,9.0,.333,0.0,3.0,.000,3.0,6.0,.500,0.0,0.0,,3.0,0.0,3.0,3.0,0.0,0.0,0.0,9.0,6.0,
Ty Jerome,PG,22,PHO,14,0,153,4.0,12.5,.321,1.4,4.9,.286,2.6,7.5,.344,0.9,1.2,.800,0.9,3.8,4.7,5.6,2.8,0.5,2.1,3.8,10.4,
Alize Johnson,SF,23,IND,11,0,46,5.5,11.0,.500,0.0,0.0,,5.5,11.0,.500,3.1,4.7,.667,4.7,7.0,11.7,1.6,0.0,0.0,0.8,4.7,14.1,
B.J. Johnson,SF,24,ORL,4,0,38,4.7,13.3,.357,0.9,4.7,.200,3.8,8.5,.444,0.0,0.0,,0.9,2.8,3.8,1.9,1.9,0.0,2.8,0.0,10.4,
Cameron Johnson,PF,23,PHO,38,0,754,4.9,11.6,.420,3.2,7.9,.398,1.7,3.7,.468,1.3,1.7,.750,1.7,3.9,5.5,1.7,0.8,0.6,1.1,2.7,14.2,
James Johnson,PF,32,MIA,14,0,230,5.6,10.6,.529,2.5,5.5,.457,3.1,5.2,.606,1.3,2.2,.571,1.1,5.3,6.4,2.0,0.5,1.7,1.6,4.2,15.0,
Keldon Johnson,SF,20,SAS,2,0,7,5.1,20.6,.250,0.0,0.0,,5.1,20.6,.250,0.0,0.0,,0.0,10.3,10.3,0.0,0.0,0.0,0.0,0.0,10.3,
Stanley Johnson,PF,23,TOR,14,0,73,3.5,12.8,.269,1.0,5.9,.167,2.5,6.9,.357,1.5,2.0,.750,1.5,5.9,7.4,2.0,1.5,0.5,3.5,3.5,9.4,
Tyler Johnson,SG,27,PHO,28,3,473,4.5,11.9,.376,1.5,5.6,.270,3.0,6.3,.470,1.7,2.3,.733,0.8,3.1,3.9,3.6,0.8,0.5,1.7,2.9,12.2,
Nikola Jokić,C,24,DEN,44,44,1390,8.6,16.8,.509,1.5,4.4,.327,7.1,12.4,.574,3.5,4.5,.782,2.7,8.7,11.4,7.3,1.1,0.6,3.2,3.5,22.1,
Damian Jones,C,24,ATL,40,20,646,5.2,7.6,.691,0.1,0.3,.333,5.1,7.2,.708,2.6,3.6,.719,2.9,4.8,7.7,1.3,0.8,1.8,1.2,6.5,13.2,
Derrick Jones,SF,22,MIA,30,2,728,4.6,9.7,.472,0.9,3.8,.234,3.7,5.9,.625,2.5,3.3,.773,1.2,5.0,6.2,1.3,1.5,1.0,1.1,3.4,12.6,
Tyus Jones,PG,23,MEM,44,6,833,4.9,11.2,.440,1.0,3.0,.348,3.9,8.2,.474,1.0,1.4,.750,0.2,2.8,3.0,8.7,1.6,0.3,1.8,1.3,11.9,
DeAndre Jordan,C,31,BRK,37,4,777,5.6,8.5,.656,0.0,0.0,,5.6,8.5,.656,2.5,3.8,.679,4.0,12.6,16.7,3.4,0.7,1.6,2.2,3.4,13.7,
Cory Joseph,PG,28,SAC,44,20,1105,3.5,8.8,.398,0.9,2.9,.318,2.6,5.9,.436,1.1,1.4,.833,0.7,3.0,3.8,5.0,1.0,0.5,1.6,2.9,9.0,
Mfiondu Kabengele,C,22,LAC,10,0,44,8.2,18.0,.455,4.9,9.8,.500,3.3,8.2,.400,2.5,2.5,1.000,0.8,5.7,6.5,0.8,0.8,0.8,0.8,4.9,23.7,
Frank Kaminsky,C,26,PHO,32,13,718,6.4,14.0,.455,2.0,5.6,.348,4.4,8.4,.527,3.0,4.4,.670,1.5,6.4,7.9,3.6,0.7,0.5,1.7,3.5,17.6,
Enes Kanter,C,27,BOS,36,4,667,8.0,13.3,.602,0.1,0.3,.200,7.9,13.0,.610,2.4,3.6,.682,5.8,10.1,15.9,2.1,0.9,1.7,2.1,3.7,18.5,
Luke Kennard,SG,23,DET,28,25,922,5.9,13.4,.442,2.9,7.1,.399,3.0,6.2,.491,2.6,2.9,.893,0.4,3.5,3.8,4.5,0.5,0.2,1.7,2.5,17.3,
Stanton Kidd,SF,27,UTA,4,0,15,0.0,7.2,.000,0.0,2.4,.000,0.0,4.8,.000,0.0,0.0,,0.0,7.2,7.2,2.4,0.0,0.0,4.8,7.2,0.0,
Michael Kidd-Gilchrist,PF,26,CHO,12,0,160,4.1,11.9,.340,1.1,3.8,.294,2.9,8.1,.361,1.6,2.0,.778,2.0,5.9,7.9,2.3,0.0,0.7,1.6,4.1,10.8,
Louis King,SF,20,DET,5,0,13,8.3,19.4,.429,2.8,8.3,.333,5.5,11.1,.500,0.0,0.0,,2.8,5.5,8.3,2.8,2.8,0.0,2.8,8.3,19.4,
Maxi Kleber,C,28,DAL,42,10,1060,4.4,9.5,.466,2.3,5.9,.394,2.1,3.5,.587,1.8,2.0,.881,2.2,5.5,7.7,1.5,0.4,1.3,1.2,3.3,12.9,
Brandon Knight,PG,28,CLE,16,0,241,4.2,12.8,.326,2.8,9.6,.297,1.3,3.3,.409,0.6,1.9,.308,0.4,2.5,3.0,4.6,0.7,0.3,2.4,3.0,11.8,
Kevin Knox,SF,20,NYK,44,4,840,4.7,12.5,.377,2.2,6.5,.338,2.5,6.0,.418,2.3,3.6,.651,0.7,5.2,6.0,2.0,0.9,0.8,1.2,3.0,13.9,
John Konchar,SG,23,MEM,2,0,8,0.0,0.0,,0.0,0.0,,0.0,0.0,,0.0,0.0,,0.0,4.5,4.5,0.0,0.0,0.0,0.0,0.0,0.0,
Furkan Korkmaz,SG,22,PHI,45,11,931,5.6,13.0,.436,3.1,7.9,.395,2.5,5.0,.500,1.1,1.6,.690,0.4,3.4,3.8,1.4,0.9,0.4,1.1,2.5,15.5,
Luke Kornet,C,24,CHI,26,4,328,4.7,12.1,.391,2.2,7.8,.282,2.5,4.3,.590,1.4,1.8,.813,1.2,4.2,5.4,2.3,0.8,2.3,0.9,3.5,13.1,
Kyle Korver,SF,38,MIL,39,0,652,4.5,10.5,.432,3.6,8.3,.433,0.9,2.2,.425,1.2,1.4,.846,0.5,3.6,4.1,2.6,1.0,0.4,1.8,2.6,13.9,
Rodions Kurucs,PF,21,BRK,27,4,359,4.3,9.2,.467,1.8,4.1,.439,2.5,5.1,.490,1.2,2.0,.600,1.4,5.4,6.8,2.4,1.1,0.2,2.8,5.2,11.6,
Kyle Kuzma,PF,24,LAL,35,6,869,7.0,16.3,.429,2.3,6.9,.335,4.7,9.4,.498,2.7,3.6,.736,1.2,4.6,5.8,1.5,0.5,0.6,2.2,2.6,19.0,
Skal Labissière,C,23,POR,33,1,567,5.1,9.3,.551,0.2,0.8,.231,5.0,8.5,.582,1.6,2.1,.758,4.1,6.6,10.7,2.7,0.4,2.0,1.9,5.7,12.1,
Jeremy Lamb,SG,27,IND,34,34,976,5.9,13.5,.436,1.4,4.6,.306,4.5,9.0,.502,2.6,3.0,.864,0.7,5.2,5.9,2.8,1.5,0.6,1.5,2.8,15.8,
Romeo Langford,SG,20,BOS,12,0,110,3.3,7.2,.455,0.7,2.9,.222,2.6,4.3,.615,2.3,2.6,.875,1.6,2.0,3.6,0.7,1.0,0.7,0.7,2.3,9.5,
Zach LaVine,SG,24,CHI,46,46,1570,9.1,20.5,.445,3.2,8.3,.390,5.9,12.2,.482,4.9,5.9,.826,0.7,4.3,5.0,4.1,1.5,0.5,3.4,2.3,26.3,
Jake Layman,PF,25,MIN,14,2,369,6.0,12.9,.462,1.9,5.3,.352,4.1,7.6,.538,0.6,1.0,.600,1.2,2.8,4.0,1.1,1.2,1.0,1.8,3.0,14.3,
T.J. Leaf,PF,22,IND,22,1,180,5.6,13.2,.424,1.0,2.8,.357,4.6,10.4,.442,1.2,2.0,.600,4.0,8.0,12.0,1.2,1.4,0.6,1.2,3.4,13.4,
Jalen Lecque,PG,19,PHO,1,0,2,0.0,18.0,.000,0.0,0.0,,0.0,18.0,.000,0.0,0.0,,0.0,0.0,0.0,0.0,0.0,0.0,0.0,0.0,0.0,
Courtney Lee,SG,34,DAL,10,3,80,5.9,10.4,.565,3.2,5.4,.583,2.7,5.0,.545,0.0,0.0,,0.0,2.3,2.3,1.4,0.0,0.9,0.9,2.7,14.9,
Damion Lee,SG,27,GSW,30,17,831,5.3,13.1,.404,1.7,5.0,.339,3.6,8.1,.444,3.4,3.9,.876,1.1,5.8,6.9,3.3,1.2,0.1,1.9,2.8,15.6,
Alex Len,C,26,ATL,39,9,731,7.0,12.7,.553,0.7,2.8,.250,6.3,9.9,.637,2.5,4.0,.630,3.3,7.8,11.1,2.1,0.9,1.5,1.9,4.6,17.2,
Kawhi Leonard,SF,28,LAC,34,34,1095,10.7,23.0,.466,2.1,6.0,.355,8.6,17.0,.505,6.8,7.6,.888,1.2,7.0,8.3,5.6,2.2,0.7,3.6,2.2,30.3,
Meyers Leonard,PF,27,MIA,44,44,886,4.1,7.9,.523,1.8,4.2,.433,2.3,3.7,.626,0.7,0.9,.696,1.0,7.8,8.8,2.1,0.5,0.6,1.3,3.7,10.8,
Caris LeVert,SG,25,BRK,17,9,471,7.4,18.6,.398,1.8,5.1,.358,5.6,13.5,.412,2.7,4.3,.625,1.3,4.1,5.4,4.5,0.8,0.2,3.7,2.3,19.3,
Damian Lillard,PG,29,POR,43,43,1586,8.5,19.1,.446,3.5,9.5,.368,5.0,9.6,.524,6.7,7.6,.886,0.5,3.6,4.0,7.4,1.0,0.3,2.7,1.7,27.2,
Nassir Little,PF,19,POR,34,5,422,3.6,9.2,.389,0.7,3.5,.195,2.9,5.7,.507,1.8,2.8,.636,2.1,5.5,7.7,1.5,0.8,1.0,1.1,4.4,9.6,
Kevon Looney,C,23,GSW,10,3,105,3.8,11.0,.344,0.3,0.7,.500,3.4,10.3,.333,1.0,1.7,.600,5.1,4.8,9.9,1.4,1.0,0.7,2.1,5.8,8.9,
Brook Lopez,C,31,MIL,43,43,1130,5.0,12.1,.412,1.9,6.5,.296,3.1,5.7,.545,1.9,2.3,.859,0.9,5.6,6.5,2.1,1.0,3.5,1.2,3.0,13.9,
Robin Lopez,C,31,MIL,42,2,600,5.9,11.5,.510,1.0,3.8,.270,4.9,7.7,.628,1.2,2.3,.513,2.4,4.5,6.9,1.7,0.4,1.7,2.2,3.2,14.0,
Kevin Love,PF,31,CLE,37,37,1159,6.6,14.5,.451,2.7,7.4,.367,3.9,7.2,.537,4.0,4.8,.844,1.0,10.7,11.6,3.3,0.7,0.4,3.1,1.8,19.8,
Kyle Lowry,PG,33,TOR,33,33,1224,5.8,14.3,.408,2.9,8.3,.348,2.9,6.0,.493,4.9,5.7,.851,0.6,3.8,4.4,7.3,1.1,0.4,2.8,3.0,19.4,
Timothé Luwawu-Cabarrot,SG,24,BRK,20,0,341,3.8,8.9,.429,1.8,4.5,.395,2.0,4.3,.463,1.8,2.4,.739,1.0,4.0,5.0,1.4,1.1,0.1,2.0,4.1,11.2,
Trey Lyles,PF,24,SAS,43,33,750,3.7,9.1,.413,1.5,4.5,.330,2.3,4.6,.495,0.7,1.1,.682,2.5,9.4,11.9,2.5,0.6,0.7,1.3,2.8,9.7,
Daryl Macon,SG,24,MIA,4,0,14,2.6,7.7,.333,2.6,5.1,.500,0.0,2.6,.000,0.0,0.0,,0.0,0.0,0.0,2.6,0.0,0.0,5.1,2.6,7.7,
Josh Magette,PG,30,ORL,8,0,38,4.7,14.2,.333,0.9,3.8,.250,3.8,10.4,.364,0.9,1.9,.500,0.9,4.7,5.7,4.7,2.8,0.9,4.7,3.8,11.4,
Ian Mahinmi,C,33,WAS,23,20,520,4.9,9.6,.514,0.3,1.2,.278,4.6,8.3,.550,3.3,5.4,.603,3.7,6.0,9.7,2.4,1.5,2.4,2.3,4.9,13.4,
Thon Maker,C,22,DET,42,4,467,3.9,7.6,.510,0.8,2.4,.355,3.0,5.2,.582,3.9,6.0,.654,2.2,4.9,7.0,1.4,1.1,1.9,2.2,4.8,12.5,
Terance Mann,SG,23,LAC,28,6,235,3.2,7.4,.438,0.3,1.5,.200,2.9,5.8,.500,1.4,1.8,.750,0.6,3.5,4.1,4.7,0.9,0.8,2.1,4.4,8.1,
Boban Marjanović,C,31,DAL,22,1,224,9.5,16.9,.562,0.3,1.1,.286,9.2,15.8,.582,3.4,4.8,.700,5.0,11.4,16.4,1.3,0.6,0.8,2.9,5.8,22.7,
Lauri Markkanen,PF,22,CHI,46,46,1395,6.0,14.2,.424,2.6,7.6,.344,3.4,6.6,.516,3.2,3.8,.826,1.5,6.2,7.7,1.8,1.0,0.6,2.0,2.4,17.8,
Caleb Martin,SF,24,CHO,5,0,32,3.4,11.3,.300,0.0,3.4,.000,3.4,7.9,.429,3.4,5.6,.600,1.1,4.5,5.6,3.4,1.1,2.3,3.4,3.4,10.1,
Cody Martin,SF,24,CHO,32,0,457,3.3,8.4,.393,0.6,3.2,.195,2.7,5.2,.515,2.3,3.3,.690,1.5,4.6,6.1,2.9,1.7,0.5,1.5,3.5,9.5,
Kelan Martin,SF,24,MIN,17,3,295,4.8,13.3,.358,1.8,7.0,.263,2.9,6.3,.462,0.6,0.6,1.000,0.6,6.5,7.1,1.1,0.4,0.6,0.7,3.9,12.0,
Frank Mason,PG,25,MIL,4,0,18,2.0,14.0,.143,2.0,8.0,.250,0.0,6.0,.000,4.0,8.0,.500,2.0,2.0,4.0,10.0,2.0,0.0,2.0,4.0,10.0,
Garrison Mathews,SG,23,WAS,15,0,196,4.2,9.2,.460,3.3,7.7,.429,0.9,1.5,.625,5.3,5.9,.906,1.1,3.1,4.2,1.8,0.6,0.2,1.3,4.8,17.1,
Wesley Matthews,SG,33,MIL,42,42,1021,3.7,9.1,.405,2.3,6.2,.367,1.4,2.9,.488,1.2,1.6,.756,0.4,3.3,3.6,2.1,1.0,0.2,1.0,2.2,10.9,
Patrick McCaw,SF,24,TOR,23,11,584,3.1,7.2,.440,1.0,3.0,.333,2.2,4.2,.515,0.4,0.6,.778,0.7,2.3,3.0,3.5,1.7,0.2,1.4,2.4,7.7,
CJ McCollum,SG,28,POR,42,42,1495,8.6,19.1,.453,2.6,6.9,.378,6.0,12.2,.495,1.8,2.3,.789,0.7,3.4,4.1,3.8,0.8,0.7,1.8,2.5,21.7,
T.J. McConnell,PG,27,IND,43,1,822,5.8,11.1,.524,0.2,0.5,.364,5.6,10.6,.531,0.9,1.2,.778,0.9,4.1,5.0,10.2,1.3,0.3,2.6,2.0,12.7,
Jalen McDaniels,PF,22,CHO,2,0,7,10.3,25.7,.400,0.0,5.1,.000,10.3,20.6,.500,0.0,0.0,,5.1,0.0,5.1,0.0,0.0,0.0,0.0,0.0,20.6,
Doug McDermott,PF,28,IND,45,0,939,6.5,13.7,.475,3.2,7.2,.441,3.3,6.5,.512,1.0,1.3,.794,0.8,3.9,4.7,2.0,0.2,0.2,1.1,3.0,17.3,
JaVale McGee,C,32,LAL,44,44,749,6.8,10.5,.647,0.1,0.2,.600,6.6,10.2,.648,1.7,2.8,.621,4.2,8.3,12.4,1.5,1.2,3.6,1.6,5.1,15.4,
Rodney McGruder,SG,28,LAC,33,3,574,2.9,7.6,.388,1.1,4.1,.273,1.8,3.4,.527,0.6,1.3,.500,1.4,4.8,6.1,1.4,1.1,0.4,0.9,3.5,7.7,
Alfonzo McKinnie,SF,27,CLE,29,1,379,4.1,9.9,.413,0.9,3.9,.220,3.2,6.0,.540,1.1,1.6,.706,2.2,5.1,7.3,0.9,1.4,0.5,1.6,4.4,10.2,
Jordan McLaughlin,PG,23,MIN,10,0,162,3.8,11.1,.340,1.8,5.8,.308,2.0,5.3,.375,1.3,1.8,.750,0.4,3.6,4.0,6.7,1.8,0.0,1.3,2.0,10.7,
Ben McLemore,SG,26,HOU,43,14,1029,5.0,12.0,.421,3.7,10.1,.370,1.3,1.9,.698,1.3,1.6,.800,0.6,3.1,3.6,1.4,1.0,0.3,1.3,3.2,15.1,
Jordan McRae,SG,28,WAS,27,4,618,7.4,17.4,.425,2.3,5.8,.400,5.1,11.6,.437,3.5,4.5,.779,1.0,4.7,5.7,4.5,1.0,0.8,2.1,3.3,20.6,
Nicolò Melli,C,29,NOP,34,5,512,4.6,10.5,.436,2.2,6.5,.333,2.4,3.9,.607,2.1,2.6,.811,1.2,4.4,5.6,2.4,1.4,0.5,1.8,4.3,13.4,
De'Anthony Melton,PG,21,MEM,33,0,585,5.7,12.4,.460,1.1,3.7,.300,4.6,8.7,.528,3.4,4.0,.862,1.5,6.2,7.7,6.2,2.7,0.7,3.1,3.8,16.0,
Chimezie Metu,PF,22,SAS,11,0,41,11.4,19.3,.591,0.0,0.0,,11.4,19.3,.591,3.5,5.3,.667,7.0,7.9,14.9,2.6,0.9,2.6,0.9,0.9,26.3,
Khris Middleton,SF,28,MIL,38,35,1081,9.1,18.2,.500,2.8,6.6,.421,6.3,11.6,.544,3.7,4.2,.889,1.0,6.2,7.2,4.9,1.3,0.2,2.5,2.7,24.7,
C.J. Miles,SG,32,WAS,10,0,161,4.2,13.2,.322,2.5,7.8,.314,1.8,5.4,.333,3.4,4.5,.750,0.9,1.8,2.7,2.7,2.2,0.9,0.9,3.1,14.3,
Malcolm Miller,SF,26,TOR,21,1,115,2.2,6.3,.350,1.6,4.7,.333,0.6,1.6,.400,0.3,1.9,.167,0.3,4.1,4.4,2.5,1.3,0.6,0.9,3.4,6.3,
Patty Mills,PG,31,SAS,43,1,997,6.2,14.1,.438,3.6,9.0,.396,2.6,5.1,.514,2.1,2.6,.803,0.5,2.0,2.5,3.1,1.2,0.2,1.4,2.2,18.0,
Paul Millsap,PF,34,DEN,32,32,798,6.0,12.7,.468,1.4,3.4,.413,4.6,9.3,.488,3.8,4.3,.885,2.9,5.5,8.4,2.0,1.3,1.0,1.9,4.1,17.1,
Shake Milton,SG,23,PHI,13,0,124,5.5,15.1,.365,2.3,8.1,.286,3.2,7.0,.458,2.9,3.8,.769,0.9,4.6,5.5,3.2,0.3,0.3,4.1,5.5,16.3,
Donovan Mitchell,SG,23,UTA,43,43,1473,9.6,20.8,.462,2.5,6.8,.365,7.1,14.0,.510,4.2,4.9,.856,0.8,3.6,4.4,4.4,1.2,0.3,2.5,2.5,25.9,
Naz Mitrou-Long,SG,26,IND,3,0,43,5.0,13.4,.375,1.7,9.2,.182,3.3,4.2,.800,0.0,0.0,,0.0,5.0,5.0,5.9,0.8,0.8,1.7,0.8,11.7,
Adam Mokoka,SG,21,CHI,2,0,6,0.0,30.0,.000,0.0,12.0,.000,0.0,18.0,.000,0.0,0.0,,12.0,0.0,12.0,0.0,0.0,0.0,0.0,0.0,0.0,
Malik Monk,SG,21,CHO,43,0,828,6.1,14.2,.429,1.6,6.4,.252,4.5,7.8,.575,2.0,2.6,.780,0.8,4.0,4.8,3.7,0.8,0.4,2.3,2.5,15.8,
Matt Mooney,SG,22,CLE,1,0,3,12.0,24.0,.500,0.0,12.0,.000,12.0,12.0,1.000,0.0,0.0,,0.0,12.0,12.0,12.0,0.0,12.0,0.0,0.0,24.0,
E'Twaun Moore,SG,30,NOP,33,5,701,6.8,16.2,.422,2.5,6.4,.387,4.4,9.8,.445,1.1,1.7,.618,1.2,3.9,5.0,3.0,1.0,0.3,1.3,2.8,17.2,
Ja Morant,PG,20,MEM,38,38,1132,8.0,16.3,.487,1.1,2.7,.400,6.9,13.6,.505,4.1,5.1,.807,0.8,3.4,4.1,8.4,1.2,0.3,3.9,2.0,21.1,
Juwan Morgan,PF,22,UTA,10,0,42,2.6,5.1,.500,0.9,3.4,.250,1.7,1.7,1.000,0.0,0.0,,0.9,5.1,6.0,0.9,0.0,0.9,1.7,2.6,6.0,
Marcus Morris,SF,30,NYK,37,37,1184,7.1,16.1,.440,3.0,6.7,.457,4.0,9.5,.428,4.2,5.1,.822,1.2,4.9,6.1,1.7,0.9,0.5,1.8,3.3,21.4,
Markieff Morris,PF,30,DET,37,16,817,6.6,14.4,.456,2.9,7.0,.411,3.7,7.4,.497,2.2,2.9,.773,0.8,5.5,6.3,2.5,1.0,0.4,2.6,3.8,18.2,
Monte Morris,PG,24,DEN,44,4,841,5.7,13.0,.438,1.3,3.3,.390,4.4,9.7,.454,1.5,1.8,.810,0.6,2.5,3.0,6.5,1.3,0.4,1.1,1.5,14.1,
Johnathan Motley,PF,24,LAC,7,0,17,6.4,10.6,.600,2.1,2.1,1.000,4.2,8.5,.500,4.2,4.2,1.000,2.1,2.1,4.2,10.6,6.4,0.0,8.5,10.6,19.1,
Emmanuel Mudiay,PG,23,UTA,41,1,678,6.5,13.6,.480,1.3,3.6,.353,5.3,10.0,.527,2.1,2.9,.727,0.7,4.6,5.4,5.3,0.8,0.4,3.1,3.1,16.5,
Dejounte Murray,PG,23,SAS,39,31,941,6.3,12.8,.490,0.7,2.0,.358,5.5,10.8,.514,2.0,2.5,.785,1.8,6.8,8.6,6.0,2.5,0.4,3.1,3.4,15.2,
Jamal Murray,PG,22,DEN,40,40,1279,7.3,16.8,.435,1.8,5.6,.322,5.5,11.2,.491,3.4,3.7,.916,0.9,3.7,4.6,5.2,1.5,0.3,2.4,1.9,19.8,
Džanan Musa,SF,20,BRK,30,0,384,4.2,12.3,.344,1.3,5.9,.222,2.9,6.4,.456,3.1,4.1,.750,1.7,4.3,6.0,2.7,1.1,0.1,2.5,2.2,12.8,
Mike Muscala,C,28,OKC,31,0,396,4.1,11.4,.360,2.6,8.5,.312,1.5,2.9,.500,1.5,1.8,.800,1.0,5.7,6.7,2.5,0.5,0.7,1.2,3.6,12.3,
Sviatoslav Mykhailiuk,SF,22,DET,40,13,843,4.7,10.9,.435,3.5,7.9,.438,1.3,3.0,.429,1.4,1.6,.842,0.5,2.2,2.6,2.8,1.1,0.2,1.8,2.5,14.3,
Abdel Nader,SF,26,OKC,32,5,520,4.9,10.5,.470,1.9,5.3,.364,3.0,5.1,.581,1.9,2.4,.800,0.7,2.8,3.5,1.7,0.8,0.7,1.9,2.9,13.7,
Larry Nance,C,27,CLE,35,5,849,4.7,9.2,.509,1.4,4.0,.340,3.3,5.3,.637,1.1,1.9,.600,2.5,7.8,10.2,2.4,1.3,0.6,1.4,2.3,11.9,
Shabazz Napier,PG,28,MIN,31,17,705,4.9,12.4,.391,2.0,7.0,.285,2.9,5.4,.528,3.1,3.7,.836,0.5,3.8,4.2,7.4,1.6,0.3,3.2,2.5,14.8,
Raul Neto,PG,27,PHI,37,2,398,5.2,11.2,.460,1.7,4.3,.404,3.4,7.0,.494,0.9,1.1,.833,0.5,2.8,3.3,5.1,1.5,0.4,2.5,2.4,12.9,
Georges Niang,PF,26,UTA,38,0,519,5.5,11.7,.473,3.6,8.0,.448,1.9,3.7,.528,0.8,1.0,.786,0.6,4.3,4.9,1.7,0.6,0.3,1.2,3.3,15.5,
Nerlens Noel,C,25,OKC,37,5,695,6.1,9.1,.670,0.1,0.1,.500,6.1,9.0,.672,3.3,4.0,.808,3.1,6.8,9.9,2.3,2.1,3.1,2.0,4.9,15.5,
Zach Norvell,SG,22,LAL,2,0,5,0.0,7.2,.000,0.0,0.0,,0.0,7.2,.000,0.0,0.0,,0.0,7.2,7.2,0.0,0.0,0.0,0.0,0.0,0.0,
Jaylen Nowell,SG,20,MIN,7,0,81,4.9,13.8,.355,0.9,7.6,.118,4.0,6.2,.643,3.1,3.6,.875,0.9,1.3,2.2,2.7,0.0,0.4,1.3,1.3,13.8,
Frank Ntilikina,PG,21,NYK,41,24,887,3.6,9.7,.371,1.3,4.0,.313,2.4,5.7,.411,1.4,1.6,.875,0.6,3.0,3.6,5.2,1.7,0.6,2.2,4.3,9.9,
Kendrick Nunn,SG,24,MIA,44,44,1345,7.5,16.4,.461,2.4,6.8,.356,5.1,9.6,.535,1.6,1.9,.831,0.3,3.0,3.3,4.2,1.1,0.2,2.2,2.7,19.1,
David Nwaba,SF,27,BRK,20,0,268,5.0,9.5,.521,1.6,3.8,.429,3.4,5.8,.581,2.4,3.6,.667,1.1,5.0,6.0,1.1,1.5,1.6,1.1,4.3,14.0,
Royce O'Neale,PF,26,UTA,44,41,1297,2.7,5.8,.469,1.5,3.6,.430,1.2,2.2,.531,0.6,0.7,.833,0.4,5.9,6.3,3.2,0.9,0.4,1.0,3.6,7.5,
Kyle O'Quinn,C,29,PHI,21,1,217,5.0,10.1,.492,1.2,3.5,.333,3.8,6.6,.575,0.5,1.3,.375,3.8,9.0,12.8,5.1,0.7,2.8,3.0,4.8,11.6,
Semi Ojeleye,PF,25,BOS,41,4,587,2.3,6.0,.388,1.4,3.7,.377,0.9,2.3,.405,0.8,1.0,.813,1.0,3.4,4.4,1.2,0.7,0.2,0.4,2.7,6.9,
Jahlil Okafor,C,24,NOP,24,9,399,7.5,12.3,.610,0.1,0.2,.500,7.4,12.1,.612,3.3,5.1,.649,3.9,6.1,10.0,3.2,0.5,1.7,3.2,5.5,18.4,
Elie Okobo,PG,22,PHO,35,2,431,4.3,10.9,.397,1.6,4.3,.365,2.8,6.6,.418,3.3,4.9,.678,1.0,3.3,4.3,6.3,1.3,0.3,1.3,2.7,13.6,
Josh Okogie,SG,21,MIN,42,12,1004,3.8,9.4,.401,1.0,3.9,.266,2.7,5.5,.497,3.3,4.3,.765,1.9,4.8,6.7,2.3,1.6,0.7,2.3,3.3,11.8,
KZ Okpala,SF,20,MIA,3,0,3,0.0,0.0,,0.0,0.0,,0.0,0.0,,0.0,0.0,,0.0,12.0,12.0,0.0,0.0,0.0,12.0,0.0,0.0,
Kelly Olynyk,C,28,MIA,40,0,777,4.6,10.1,.461,2.4,5.9,.409,2.2,4.2,.533,2.3,2.6,.875,1.4,6.9,8.3,2.3,1.3,0.5,2.0,4.6,13.9,
Miye Oni,SG,22,UTA,3,0,8,0.0,0.0,,0.0,0.0,,0.0,0.0,,0.0,0.0,,0.0,4.5,4.5,0.0,0.0,0.0,4.5,0.0,0.0,
Cedi Osman,SF,24,CLE,44,44,1289,5.0,11.3,.447,2.4,5.9,.403,2.7,5.4,.495,1.1,1.7,.656,0.6,3.6,4.2,2.5,1.0,0.3,1.7,2.8,13.5,
Kelly Oubre,SF,24,PHO,42,42,1430,6.8,15.0,.456,1.9,5.5,.342,5.0,9.5,.521,3.7,4.7,.780,1.2,5.6,6.8,1.6,1.5,0.8,1.7,3.5,19.2,
Jabari Parker,PF,24,ATL,32,23,837,8.5,16.9,.504,1.3,4.9,.270,7.2,12.0,.601,2.3,3.1,.736,2.3,5.9,8.2,2.5,1.8,0.6,2.6,4.0,20.6,
Chandler Parsons,SF,31,ATL,5,0,54,3.3,12.0,.278,2.7,9.3,.286,0.7,2.7,.250,0.0,0.0,,0.7,4.0,4.7,2.0,2.7,0.7,2.0,2.0,9.3,
Eric Paschall,PF,23,GSW,41,22,1122,7.1,14.3,.494,0.8,2.8,.295,6.2,11.5,.543,3.4,4.4,.781,1.9,4.4,6.3,2.3,0.7,0.3,1.9,2.7,18.4,
Anžejs Pasečņiks,C,24,WAS,16,0,330,5.5,10.4,.526,0.0,0.1,.000,5.5,10.3,.532,3.1,5.0,.609,3.8,5.9,9.7,1.7,0.9,0.8,2.3,5.6,14.0,
Patrick Patterson,PF,30,LAC,40,16,525,4.4,11.4,.386,3.1,8.6,.360,1.3,2.8,.463,1.3,1.8,.731,1.8,5.7,7.5,1.9,0.4,0.2,0.8,2.2,13.2,
Justin Patton,C,22,OKC,5,0,24,6.0,15.0,.400,1.5,6.0,.250,4.5,9.0,.500,0.0,0.0,,1.5,6.0,7.5,3.0,0.0,0.0,3.0,6.0,13.5,
Chris Paul,PG,34,OKC,45,45,1430,6.7,14.0,.479,1.9,5.1,.366,4.8,8.9,.544,4.1,4.5,.894,0.4,5.3,5.7,7.3,1.8,0.2,2.3,2.7,19.3,
Elfrid Payton,PG,25,NYK,27,18,693,5.3,12.7,.416,0.5,2.3,.222,4.8,10.4,.460,0.8,1.7,.500,1.6,4.3,5.9,8.4,2.0,0.6,2.8,2.6,11.9,
Gary Payton,PG,27,WAS,15,12,320,4.3,9.7,.442,1.0,3.4,.300,3.3,6.3,.518,0.5,0.8,.571,2.0,4.4,6.4,4.3,3.3,0.7,1.9,3.6,10.0,
Norvel Pelle,C,26,PHI,14,0,156,3.5,6.2,.556,0.0,0.0,,3.5,6.2,.556,1.2,2.3,.500,2.8,9.0,11.8,1.6,0.2,4.8,2.5,7.2,8.1,
Theo Pinson,SG,24,BRK,25,0,325,4.7,16.1,.290,1.6,8.2,.189,3.1,7.9,.394,1.7,1.8,.938,1.0,4.0,5.0,5.2,1.6,0.2,3.5,3.4,12.5,
Mason Plumlee,C,29,DEN,43,1,750,6.1,10.1,.605,0.0,0.2,.000,6.1,9.9,.617,3.0,5.5,.553,3.8,7.7,11.5,5.0,1.1,1.3,3.0,4.6,15.2,
Vincent Poirier,C,26,BOS,13,0,67,5.4,12.4,.435,0.5,1.1,.500,4.8,11.3,.429,1.6,2.1,.750,4.3,7.5,11.8,2.1,1.1,2.1,2.1,8.1,12.9,
Jakob Pöltl,C,24,SAS,43,7,745,4.5,7.5,.603,0.0,0.0,,4.5,7.5,.603,1.3,2.3,.542,3.8,7.7,11.5,3.9,1.1,3.2,1.7,3.6,10.3,
Shamorie Ponds,PG,21,TOR,4,0,11,9.8,16.4,.600,3.3,6.5,.500,6.5,9.8,.667,6.5,6.5,1.000,0.0,3.3,3.3,6.5,0.0,3.3,0.0,6.5,29.5,
Jordan Poole,SG,20,GSW,39,9,841,4.0,14.3,.278,2.1,7.7,.265,1.9,6.6,.292,2.6,3.3,.803,0.2,3.1,3.3,3.3,1.1,0.3,1.6,2.5,12.6,
Kevin Porter,SF,19,CLE,34,2,742,5.4,12.3,.439,1.3,4.4,.297,4.1,7.9,.519,1.9,2.7,.727,0.6,4.9,5.4,3.2,1.4,0.3,2.9,4.3,14.0,
Michael Porter,PF,21,DEN,34,1,435,8.0,14.9,.539,2.2,5.3,.406,5.9,9.6,.612,2.0,2.6,.774,2.6,7.8,10.3,1.9,0.9,1.2,2.1,4.7,20.2,
Otto Porter,SF,26,CHI,9,9,226,5.6,13.4,.417,2.5,6.4,.400,3.0,7.0,.432,2.4,3.2,.750,1.3,3.7,4.9,2.2,1.4,0.5,1.1,3.2,16.1,
Bobby Portis,C,24,NYK,45,4,944,6.6,15.2,.432,1.8,5.0,.364,4.7,10.1,.466,1.8,2.5,.738,2.5,7.1,9.6,2.7,0.9,0.3,1.7,3.1,16.8,
Kristaps Porziņģis,PF,24,DAL,32,32,995,7.0,17.7,.397,2.5,7.5,.335,4.5,10.2,.442,3.2,4.4,.727,2.1,8.8,10.9,1.7,0.7,2.4,2.0,3.6,19.7,
Dwight Powell,C,28,DAL,40,37,1061,5.0,7.8,.638,0.3,1.3,.256,4.6,6.4,.716,2.5,3.8,.667,2.5,5.2,7.7,2.0,1.2,0.7,1.2,3.5,12.8,
Norman Powell,SG,26,TOR,33,17,946,7.2,13.9,.514,2.7,6.5,.412,4.5,7.5,.602,3.0,3.5,.848,0.6,4.3,4.9,2.2,1.4,0.5,1.9,2.5,19.9,
Julius Randle,PF,25,NYK,43,43,1380,7.8,17.4,.448,1.4,4.7,.289,6.4,12.7,.506,4.2,5.9,.711,2.5,7.8,10.3,3.7,0.9,0.2,3.3,3.1,21.1,
Josh Reaves,SG,22,DAL,2,0,1,0.0,36.0,.000,0.0,0.0,,0.0,36.0,.000,0.0,0.0,,0.0,0.0,0.0,0.0,0.0,0.0,0.0,0.0,0.0,
Cam Reddish,SF,20,ATL,41,29,1079,4.1,12.2,.335,1.6,5.4,.292,2.5,6.9,.369,2.1,2.7,.788,0.9,4.4,5.2,2.2,1.5,0.6,2.4,2.8,11.9,
J.J. Redick,SG,35,NOP,40,35,1126,6.2,13.7,.450,3.9,8.6,.459,2.2,5.1,.435,3.5,4.0,.895,0.3,3.3,3.5,2.5,0.4,0.2,1.4,1.9,19.8,
Naz Reid,C,20,MIN,12,0,147,8.6,21.6,.398,3.7,12.0,.306,4.9,9.6,.513,2.2,3.4,.643,2.2,5.1,7.3,2.7,1.0,1.5,2.0,6.9,23.0,
Josh Richardson,SG,26,PHI,38,38,1198,6.3,14.4,.436,1.8,5.5,.333,4.4,8.9,.500,2.7,3.3,.818,0.9,2.9,3.8,3.9,1.1,0.7,2.4,3.0,17.1,
Austin Rivers,SG,27,HOU,39,3,891,4.4,10.9,.405,1.9,5.9,.315,2.5,5.0,.512,1.6,2.2,.709,0.7,3.0,3.7,2.5,1.0,0.2,1.1,3.0,12.2,
Duncan Robinson,SF,25,MIA,44,39,1229,5.1,11.2,.457,4.2,9.8,.429,0.9,1.5,.640,0.8,0.9,.903,0.2,3.9,4.1,1.3,0.7,0.4,0.9,3.6,15.3,
Glenn Robinson,SF,26,GSW,43,43,1360,5.5,11.9,.464,1.5,3.8,.393,4.0,8.1,.498,1.4,1.6,.850,1.6,3.8,5.5,1.9,1.1,0.3,1.2,2.0,13.9,
Jerome Robinson,SG,22,LAC,37,0,447,3.5,10.4,.341,1.5,5.2,.297,2.0,5.2,.385,0.8,1.4,.588,0.4,4.4,4.8,3.5,1.0,0.6,1.9,4.1,9.4,
Justin Robinson,PG,22,WAS,9,0,49,3.7,8.8,.417,2.2,3.7,.600,1.5,5.1,.286,0.0,0.0,,0.7,2.9,3.7,5.1,0.0,0.7,2.2,1.5,9.6,
Mitchell Robinson,C,21,NYK,41,7,933,6.3,8.9,.706,0.0,0.0,,6.3,8.9,.706,2.4,4.0,.612,4.4,6.3,10.7,0.8,1.4,2.9,1.1,5.2,15.0,
Rajon Rondo,PG,33,LAL,29,2,621,5.1,12.3,.415,1.6,4.5,.364,3.5,7.8,.444,1.3,1.7,.759,0.9,5.3,6.1,8.9,1.6,0.1,3.4,1.9,13.1,
Derrick Rose,PG,31,DET,39,5,1020,10.3,20.8,.497,1.3,4.1,.310,9.1,16.7,.543,3.5,4.0,.868,0.7,2.7,3.4,8.2,1.1,0.5,3.5,1.6,25.4,
Terrence Ross,SG,28,ORL,43,0,1110,6.5,15.9,.409,3.1,9.3,.339,3.3,6.6,.507,3.0,3.5,.843,0.3,3.8,4.1,1.4,1.6,0.4,1.4,2.2,19.1,
Terry Rozier,PG,25,CHO,45,45,1534,6.7,15.9,.420,2.8,7.1,.395,3.8,8.7,.441,2.8,3.3,.850,0.8,3.7,4.5,4.6,1.2,0.2,2.6,2.3,18.9,
Ricky Rubio,PG,29,PHO,37,37,1192,5.3,13.0,.411,1.3,4.0,.336,4.0,9.1,.443,2.8,3.4,.825,0.8,4.4,5.2,10.3,1.5,0.3,3.0,2.8,14.9,
D'Angelo Russell,SG,23,GSW,28,28,898,9.2,21.7,.425,3.8,10.7,.361,5.4,11.0,.487,4.0,5.1,.787,0.4,3.6,4.0,7.1,1.0,0.3,3.4,2.4,26.3,
Domantas Sabonis,C,23,IND,42,42,1433,7.6,14.2,.536,0.3,1.1,.256,7.3,13.1,.559,3.4,4.7,.718,3.6,9.9,13.6,4.6,0.8,0.6,2.8,3.5,18.9,
JaKarr Sampson,SF,26,IND,15,8,205,5.6,9.0,.627,0.4,1.8,.200,5.3,7.2,.732,0.4,1.4,.250,1.4,4.6,6.0,0.7,1.1,1.2,1.1,4.4,11.9,
Dario Šarić,PF,25,PHO,44,41,1106,5.2,11.9,.436,1.8,5.7,.320,3.4,6.2,.542,1.7,2.0,.855,2.2,6.8,9.0,2.7,0.9,0.4,1.8,3.2,14.0,
Tomáš Satoranský,PG,28,CHI,46,46,1311,4.5,10.4,.437,1.3,3.9,.340,3.2,6.5,.494,2.1,2.4,.872,1.2,3.3,4.6,6.8,1.6,0.2,2.5,2.6,12.4,
Admiral Schofield,SF,22,WAS,24,2,288,3.7,9.2,.405,1.7,5.7,.304,2.0,3.5,.571,1.1,1.5,.750,0.7,3.4,4.1,1.7,0.9,0.4,0.9,5.1,10.4,
Dennis Schröder,PG,26,OKC,44,0,1363,8.2,17.4,.474,2.3,6.2,.369,6.0,11.2,.532,2.9,3.6,.815,0.4,4.1,4.4,4.5,0.7,0.3,3.2,2.6,21.7,
Mike Scott,PF,31,PHI,46,7,826,4.1,10.3,.392,2.3,6.8,.340,1.7,3.5,.494,0.9,1.0,.870,1.7,5.1,6.8,1.2,0.7,0.1,0.7,2.7,11.3,
Thabo Sefolosha,PF,35,HOU,28,0,271,2.8,7.4,.375,1.6,4.8,.333,1.2,2.7,.450,0.0,0.1,.000,1.7,6.5,8.2,2.3,1.5,0.8,1.2,3.3,7.2,
Collin Sexton,SG,21,CLE,44,44,1396,8.4,18.5,.452,1.3,3.9,.340,7.0,14.6,.482,3.6,4.3,.842,1.2,2.6,3.7,2.7,1.1,0.1,2.4,2.2,21.7,
Landry Shamet,SG,22,LAC,28,20,767,4.0,9.6,.415,2.7,7.2,.379,1.3,2.4,.519,1.4,1.5,.938,0.1,2.8,2.9,2.0,0.6,0.3,1.1,4.1,12.1,
Iman Shumpert,SG,29,BRK,13,0,241,3.1,9.6,.328,1.2,4.9,.242,1.9,4.6,.419,0.6,1.0,.571,1.3,3.7,5.1,1.8,1.8,0.3,1.5,3.1,8.1,
Pascal Siakam,PF,25,TOR,33,33,1162,9.0,19.9,.454,2.2,6.1,.367,6.8,13.8,.492,3.7,4.6,.812,1.2,6.6,7.8,3.6,1.0,1.0,2.6,2.9,24.0,
Chris Silva,PF,23,MIA,30,0,249,5.5,8.0,.691,0.0,0.3,.000,5.5,7.7,.717,4.0,5.9,.683,6.7,6.7,13.3,2.2,0.9,2.3,4.2,9.4,15.0,
Ben Simmons,PG,23,PHI,44,44,1588,6.5,11.3,.578,0.0,0.1,.400,6.5,11.2,.580,2.9,4.8,.592,1.9,5.8,7.8,8.4,2.2,0.7,3.4,3.3,16.0,
Anfernee Simons,SG,20,POR,45,3,1046,5.5,13.5,.407,1.8,5.6,.315,3.8,8.0,.472,1.8,2.3,.788,0.6,3.4,4.1,2.3,0.6,0.3,1.5,3.3,14.6,
Alen Smailagić,PF,19,GSW,9,0,92,6.3,11.3,.552,0.8,3.5,.222,5.5,7.8,.700,3.1,3.9,.800,2.7,5.9,8.6,3.1,0.4,1.2,2.0,3.9,16.4,
Marcus Smart,SG,25,BOS,34,23,1062,4.8,12.5,.382,2.6,7.5,.351,2.1,5.0,.429,2.1,2.5,.838,0.9,3.0,3.9,5.5,1.9,0.5,1.5,2.8,14.3,
Dennis Smith,PG,22,NYK,22,1,342,4.3,13.5,.320,1.3,4.3,.293,3.1,9.2,.333,1.6,3.2,.500,1.4,3.4,4.7,6.0,1.1,0.7,3.3,4.6,11.5,
Ish Smith,PG,31,WAS,43,12,1129,6.3,13.8,.460,1.3,3.5,.369,5.0,10.3,.491,1.1,1.7,.630,0.6,3.6,4.2,6.2,1.1,0.5,1.8,2.0,15.1,
Tony Snell,SF,28,DET,41,39,1083,4.0,8.4,.472,2.5,5.9,.432,1.5,2.6,.564,0.5,0.5,1.000,0.2,2.2,2.4,1.9,0.6,0.3,0.6,2.3,11.0,
Omari Spellman,PF,22,GSW,43,3,766,5.4,12.3,.441,1.8,4.4,.404,3.6,7.8,.461,3.0,3.7,.810,3.6,5.9,9.4,2.0,1.4,1.0,2.2,2.4,15.6,
Max Strus,SG,23,CHI,2,0,6,12.0,18.0,.667,0.0,6.0,.000,12.0,12.0,1.000,6.0,6.0,1.000,6.0,0.0,6.0,0.0,0.0,0.0,0.0,6.0,30.0,
Edmond Sumner,PG,24,IND,17,2,244,4.7,10.9,.432,1.2,3.4,.348,3.5,7.5,.471,1.2,1.9,.615,1.0,2.7,3.7,4.0,1.6,0.9,1.6,3.7,11.8,
Caleb Swanigan,PF,22,SAC,7,0,23,3.1,6.3,.500,0.0,0.0,,3.1,6.3,.500,1.6,3.1,.500,3.1,7.8,11.0,3.1,1.6,3.1,9.4,12.5,7.8,
Jayson Tatum,PF,21,BOS,42,42,1426,8.4,19.3,.435,2.5,7.0,.366,5.8,12.3,.474,3.5,4.1,.841,1.1,6.3,7.3,3.0,1.5,0.9,2.3,2.2,22.8,
Jeff Teague,PG,31,TOT,37,14,1006,5.5,12.3,.446,1.3,3.3,.385,4.2,9.0,.468,4.5,5.2,.870,0.6,2.8,3.4,8.0,0.9,0.5,3.0,2.8,16.7,
Garrett Temple,SG,33,BRK,37,26,1072,4.4,12.1,.367,2.5,8.0,.316,1.9,4.1,.463,1.4,1.8,.759,0.7,3.5,4.2,3.2,1.1,0.6,1.6,2.1,12.8,
Daniel Theis,C,27,BOS,39,38,852,5.2,9.8,.534,0.7,2.2,.321,4.5,7.6,.598,1.6,2.4,.696,3.1,6.6,9.8,2.6,1.1,2.5,1.3,5.5,12.8,
Isaiah Thomas,PG,30,WAS,34,31,795,6.7,16.1,.413,2.9,6.9,.412,3.8,9.2,.414,2.4,3.0,.803,0.4,1.9,2.3,5.9,0.6,0.2,3.2,3.0,18.6,
Khyri Thomas,SG,23,DET,2,0,6,0.0,0.0,,0.0,0.0,,0.0,0.0,,6.0,12.0,.500,0.0,0.0,0.0,0.0,0.0,0.0,0.0,0.0,6.0,
Matt Thomas,SG,25,TOR,17,0,189,5.3,11.4,.467,4.0,8.6,.467,1.3,2.9,.467,1.0,1.3,.714,0.6,3.8,4.4,1.3,0.8,0.0,1.3,2.9,15.6,
Tristan Thompson,C,28,CLE,42,42,1335,6.0,11.6,.512,0.1,0.2,.375,5.9,11.4,.514,2.2,3.5,.638,4.8,7.3,12.0,2.4,0.8,1.2,2.2,2.7,14.2,
Matisse Thybulle,SG,22,PHI,38,8,747,3.0,7.9,.387,1.8,4.9,.376,1.2,3.0,.403,1.1,1.6,.667,1.0,2.0,2.9,2.3,2.7,1.6,1.8,4.1,9.0,
Anthony Tolliver,PF,34,TOT,34,9,560,2.8,7.7,.361,1.9,5.9,.330,0.8,1.8,.464,0.8,1.2,.684,1.7,5.3,7.1,1.9,0.5,0.6,1.4,3.5,8.3,
Karl-Anthony Towns,C,24,MIN,27,27,901,9.8,19.1,.513,3.7,9.0,.409,6.1,10.1,.605,5.4,6.6,.807,2.9,8.8,11.7,4.6,1.0,1.2,3.2,3.7,28.6,
Gary Trent,SG,21,POR,32,2,481,4.5,11.5,.390,2.6,7.3,.361,1.9,4.3,.439,0.8,0.9,.917,0.8,2.5,3.4,1.8,1.3,0.4,0.7,2.7,12.4,
Allonzo Trier,PG,24,NYK,20,1,246,5.4,12.4,.435,2.2,6.7,.326,3.2,5.7,.564,4.5,5.7,.795,0.6,3.2,3.8,3.5,0.3,0.6,2.9,3.5,17.6,
P.J. Tucker,PF,34,HOU,43,43,1505,2.9,6.4,.451,1.6,4.2,.369,1.3,2.2,.611,0.6,0.8,.794,1.7,5.7,7.4,1.5,1.1,0.4,1.2,3.4,7.9,
Rayjon Tucker,SG,22,UTA,11,0,71,3.5,9.1,.389,0.0,3.0,.000,3.5,6.1,.583,1.5,2.5,.600,1.0,4.1,5.1,1.0,0.5,0.0,1.5,3.0,8.6,
Evan Turner,PG,31,ATL,18,0,230,3.8,9.9,.381,0.0,0.8,.000,3.8,9.1,.414,1.9,2.2,.857,1.1,4.5,5.6,5.6,1.3,1.3,3.9,2.8,9.4,
Myles Turner,C,23,IND,37,37,1072,5.4,12.0,.449,1.8,5.4,.335,3.6,6.5,.544,2.7,3.6,.738,1.6,5.8,7.4,1.5,0.9,2.5,1.6,3.2,15.2,
Jonas Valančiūnas,C,27,MEM,41,41,1041,9.0,15.0,.595,0.9,2.1,.419,8.1,12.9,.625,2.5,3.4,.737,3.9,10.4,14.4,2.8,0.6,1.5,2.8,3.6,21.3,
Denzel Valentine,SF,26,CHI,24,0,273,6.9,16.1,.426,3.8,9.8,.392,3.0,6.3,.479,0.7,0.7,1.000,0.4,5.1,5.5,2.9,1.8,0.7,1.6,3.7,18.2,
Jarred Vanderbilt,SF,20,DEN,5,0,21,3.4,3.4,1.000,0.0,0.0,,3.4,3.4,1.000,0.0,0.0,,0.0,5.1,5.1,1.7,0.0,0.0,6.9,3.4,6.9,
Fred VanVleet,PG,25,TOR,34,34,1222,6.1,15.0,.406,2.8,6.9,.402,3.3,8.1,.409,3.6,4.3,.836,0.4,3.5,3.9,6.8,2.0,0.4,2.4,2.3,18.5,
Noah Vonleh,C,24,MIN,28,1,347,4.9,8.9,.547,0.2,1.5,.143,4.7,7.5,.625,2.4,2.9,.821,3.5,8.5,12.0,2.7,1.1,0.6,2.0,3.7,12.3,
Nikola Vučević,C,29,ORL,34,34,1076,8.6,19.0,.451,2.0,5.4,.369,6.6,13.7,.483,2.5,3.2,.800,3.1,9.5,12.6,3.8,1.1,1.0,1.5,2.5,21.6,
Dean Wade,PF,23,CLE,7,0,47,5.4,7.7,.700,1.5,2.3,.667,3.8,5.4,.714,0.0,0.8,.000,1.5,10.0,11.5,0.8,1.5,2.3,2.3,4.6,12.3,
Moritz Wagner,C,22,WAS,21,4,429,7.8,13.4,.581,1.8,4.7,.393,6.0,8.7,.683,3.0,3.6,.837,2.9,7.8,10.7,2.3,1.3,1.1,3.6,6.8,20.5,
Kemba Walker,PG,29,BOS,38,38,1204,8.3,18.8,.443,3.9,9.9,.390,4.5,8.9,.502,4.1,4.8,.863,0.9,3.6,4.5,5.7,1.0,0.7,2.5,1.7,24.7,
Lonnie Walker,SG,21,SAS,35,1,432,6.5,14.7,.441,1.6,4.1,.388,4.9,10.7,.461,1.9,2.8,.676,1.0,4.9,5.9,1.8,1.2,0.4,1.7,3.4,16.5,
Tyrone Wallace,SG,25,ATL,14,0,160,3.2,9.9,.318,0.2,3.4,.067,2.9,6.5,.448,2.5,3.8,.647,0.7,4.3,5.0,2.9,1.6,0.2,2.3,4.3,9.0,
Taurean Waller-Prince,SF,25,BRK,42,42,1269,5.3,14.0,.381,2.9,8.2,.354,2.4,5.8,.417,1.0,1.4,.771,1.0,6.9,7.9,2.4,1.1,0.5,2.5,3.0,14.6,
Derrick Walton,PG,24,LAC,23,1,222,2.8,5.8,.472,1.5,3.4,.429,1.3,2.4,.533,1.1,1.5,.778,0.3,2.1,2.4,3.6,0.6,0.0,0.6,3.1,8.1,
Brad Wanamaker,PG,30,BOS,42,0,786,4.0,9.6,.421,0.8,2.6,.316,3.2,7.0,.461,3.3,3.7,.913,0.6,3.3,3.9,5.2,1.2,0.5,2.2,3.4,12.2,
T.J. Warren,SF,26,IND,45,45,1447,8.0,15.6,.513,1.3,3.4,.375,6.7,12.2,.551,2.9,3.5,.821,1.0,3.2,4.2,1.5,1.2,0.5,1.4,3.0,20.2,
PJ Washington,PF,21,CHO,40,40,1221,5.5,11.5,.483,1.7,4.1,.421,3.8,7.3,.518,2.0,2.9,.680,0.9,5.6,6.5,2.4,1.1,1.0,1.9,3.3,14.8,
Yuta Watanabe,SG,25,MEM,4,0,18,6.0,12.0,.500,2.0,4.0,.500,4.0,8.0,.500,0.0,0.0,,2.0,8.0,10.0,0.0,0.0,2.0,2.0,2.0,14.0,
Tremont Waters,PG,22,BOS,6,0,56,5.8,16.1,.360,1.3,9.0,.143,4.5,7.1,.636,3.9,3.9,1.000,0.0,3.9,3.9,5.1,2.6,1.3,3.2,3.9,16.7,
Paul Watson,SG,25,ATL,2,0,17,0.0,14.8,.000,0.0,6.4,.000,0.0,8.5,.000,0.0,0.0,,0.0,4.2,4.2,6.4,2.1,0.0,0.0,2.1,0.0,
Russell Westbrook,PG,31,HOU,37,37,1315,9.8,21.9,.446,1.1,4.5,.235,8.7,17.4,.502,5.0,6.5,.770,1.7,6.6,8.2,7.4,1.6,0.4,4.4,3.7,25.7,
Coby White,SG,19,CHI,46,0,1109,6.2,16.4,.379,2.6,7.6,.342,3.6,8.8,.412,1.8,2.5,.724,0.6,4.6,5.2,3.3,1.1,0.1,2.3,2.3,16.8,
Derrick White,SG,25,SAS,41,11,968,5.4,11.5,.471,1.5,3.8,.388,3.9,7.6,.512,3.0,3.6,.825,0.8,3.8,4.6,5.0,0.9,1.0,1.7,3.2,15.2,
Hassan Whiteside,C,30,POR,41,41,1249,7.6,12.8,.590,0.1,0.1,.500,7.5,12.7,.591,3.2,4.3,.740,4.8,11.9,16.7,1.5,0.4,3.6,2.4,3.5,18.4,
Andrew Wiggins,SF,24,MIN,36,36,1248,8.7,19.9,.439,2.1,6.7,.315,6.6,13.2,.502,3.7,5.1,.733,1.3,4.0,5.3,3.8,0.7,1.0,2.6,2.3,23.3,
Grant Williams,PF,21,BOS,41,2,603,2.7,7.3,.377,0.7,3.2,.208,2.1,4.1,.507,1.7,2.4,.700,2.0,3.8,5.8,2.4,0.8,1.1,2.0,5.3,7.8,
Johnathan Williams,C,24,WAS,8,5,128,4.2,6.8,.625,0.0,0.6,.000,4.2,6.2,.682,0.8,1.4,.600,3.7,7.9,11.5,1.7,0.3,1.4,0.8,2.3,9.3,
Kenrich Williams,PF,25,NOP,35,18,779,2.3,6.6,.343,1.2,4.4,.260,1.1,2.2,.511,0.4,1.1,.375,2.3,6.0,8.2,2.4,1.2,1.0,1.0,3.7,6.1,
Lou Williams,SG,33,LAC,42,6,1266,7.7,18.3,.422,2.3,6.3,.368,5.4,12.1,.449,5.9,6.9,.867,0.5,3.2,3.7,7.3,0.8,0.2,3.6,1.7,23.7,
Marvin Williams,PF,33,CHO,36,0,705,4.3,9.4,.454,2.0,5.4,.377,2.2,4.0,.557,2.0,2.2,.886,0.7,4.2,4.9,1.7,1.3,0.8,1.1,3.2,12.6,
Robert Williams,C,22,BOS,19,1,269,4.4,6.6,.673,0.0,0.0,,4.4,6.6,.673,1.1,1.9,.571,3.1,8.6,11.6,2.8,2.3,2.8,2.1,4.6,9.9,
Nigel Williams-Goss,PG,25,UTA,9,0,28,1.3,9.0,.143,0.0,2.6,.000,1.3,6.4,.200,2.6,2.6,1.000,2.6,3.9,6.4,6.4,1.3,1.3,2.6,2.6,5.1,
Zion Williamson,SF,19,NOP,1,1,18,16.0,22.0,.727,8.0,8.0,1.000,8.0,14.0,.571,4.0,8.0,.500,4.0,10.0,14.0,6.0,0.0,0.0,10.0,2.0,44.0,
D.J. Wilson,PF,23,MIL,26,0,235,4.9,12.1,.405,1.7,6.9,.244,3.2,5.2,.618,0.8,1.1,.714,0.9,7.0,8.0,2.8,0.2,0.6,1.8,3.4,12.3,
Justise Winslow,SF,23,MIA,11,5,352,5.1,13.2,.388,0.6,2.8,.222,4.5,10.4,.431,1.8,2.8,.667,1.6,5.8,7.5,4.5,0.7,0.5,2.5,3.9,12.7,
Christian Wood,PF,24,DET,41,1,693,7.4,12.6,.587,1.2,3.3,.365,6.2,9.3,.665,4.8,6.7,.721,2.8,8.4,11.2,1.6,0.8,1.8,2.4,2.5,20.8,
Delon Wright,SG,27,DAL,41,4,831,4.8,10.1,.478,1.1,2.9,.368,3.7,7.1,.524,2.0,2.5,.807,1.7,4.7,6.4,5.6,2.3,0.7,1.5,2.2,12.7,
Thaddeus Young,PF,31,CHI,45,1,1006,5.9,14.0,.421,1.8,5.2,.345,4.1,8.8,.465,1.0,1.7,.596,2.3,5.0,7.3,2.8,1.8,0.5,2.3,2.9,14.5,
Trae Young,PG,21,ATL,40,40,1404,9.6,21.4,.447,3.6,9.6,.373,6.0,11.8,.508,7.2,8.6,.839,0.6,4.1,4.8,8.8,1.2,0.1,4.9,1.7,29.9,
Cody Zeller,C,27,CHO,42,23,968,6.9,13.0,.530,0.6,2.3,.270,6.2,10.6,.587,3.3,4.8,.690,4.4,6.6,11.0,1.9,0.9,0.6,2.1,3.9,17.7,
Ante Žižić,C,23,CLE,16,0,159,6.3,11.1,.571,0.0,0.0,,6.3,11.1,.571,2.9,3.4,.867,3.2,9.3,12.5,0.7,1.4,0.9,1.1,4.5,15.6,
Ivica Zubac,C,22,LAC,45,43,787,6.8,11.3,.597,0.0,0.1,.000,6.8,11.3,.602,3.4,4.7,.735,5.1,9.0,14.1,2.0,0.4,1.9,1.7,4.7,17.0,