player,pos,age,team_id,g,gs,mp_per_g,fg_per_g,fga_per_g,fg_pct,fg3_per_g,fg3a_per_g,fg3_pct,fg2_per_g,fg2a_per_g,fg2_pct,efg_pct,ft_per_g,fta_per_g,ft_pct,orb_per_g,drb_per_g,trb_per_g,ast_per_g,stl_per_g,blk_per_g,tov_per_g,pf_per_g,pts_per_g,
Steven Adams,C,26,OKC,40,40,27.0,4.7,7.8,.603,0.0,0.0,.000,4.7,7.8,.605,.603,1.9,3.4,.567,3.5,6.2,9.7,2.6,0.7,1.1,1.5,1.8,11.3,
Bam Adebayo,C,22,MIA,44,44,34.5,6.0,10.3,.586,0.0,0.2,.100,6.0,10.1,.597,.587,3.7,5.4,.685,2.6,7.9,10.5,4.6,1.2,1.2,2.8,2.5,15.8,
LaMarcus Aldridge,C,34,SAS,41,41,33.0,7.6,14.9,.509,1.2,2.8,.426,6.4,12.1,.528,.549,3.0,3.6,.845,2.0,5.4,7.5,2.4,0.6,1.8,1.4,2.5,19.4,
Nickeil Alexander-Walker,SG,21,NOP,36,0,13.5,2.1,6.1,.348,1.1,3.2,.345,1.0,2.9,.352,.439,0.5,0.8,.607,0.2,1.9,2.1,2.0,0.3,0.2,0.9,1.2,5.9,
Grayson Allen,SG,24,MEM,29,0,16.9,2.7,6.0,.451,1.1,3.1,.363,1.6,2.9,.548,.546,1.0,1.2,.857,0.2,2.1,2.2,1.5,0.2,0.0,0.8,1.2,7.6,
Jarrett Allen,C,21,BRK,42,38,26.8,4.4,6.8,.653,0.0,0.1,.000,4.4,6.7,.660,.653,2.6,4.0,.639,3.1,6.7,9.8,1.3,0.7,1.3,1.2,2.4,11.4,
Kadeem Allen,SG,27,NYK,9,0,10.7,1.9,4.7,.405,0.6,1.8,.313,1.3,2.9,.462,.464,0.6,0.9,.625,0.2,0.7,0.9,2.1,0.4,0.2,0.9,0.8,4.9,
Al-Farouq Aminu,PF,29,ORL,18,2,21.1,1.4,4.8,.291,0.5,2.0,.250,0.9,2.8,.320,.343,1.1,1.6,.655,1.3,3.5,4.8,1.2,1.0,0.4,0.9,1.5,4.3,
Justin Anderson,SF,26,BRK,3,0,5.7,0.3,2.0,.167,0.0,1.0,.000,0.3,1.0,.333,.167,0.3,0.7,.500,0.0,0.7,0.7,0.0,0.0,0.3,0.0,0.7,1.0,
Kyle Anderson,PF,26,MEM,38,3,16.6,2.0,4.3,.466,0.2,0.9,.200,1.8,3.4,.539,.488,0.7,1.1,.651,0.9,2.8,3.7,2.1,0.7,0.4,0.8,1.3,4.9,
Ryan Anderson,PF,31,HOU,2,0,7.0,1.0,3.5,.286,0.5,2.5,.200,0.5,1.0,.500,.357,0.0,0.0,,0.0,3.5,3.5,1.0,0.5,0.0,0.5,0.5,2.5,
Giannis Antetokounmpo,PF,25,MIL,42,42,30.6,11.0,19.9,.554,1.6,5.1,.322,9.4,14.8,.634,.596,6.2,10.3,.606,2.3,10.6,12.9,5.6,1.1,1.0,3.6,3.1,30.0,
Kostas Antetokounmpo,PF,22,LAL,3,0,1.7,0.0,0.0,,0.0,0.0,,0.0,0.0,,,0.0,0.0,,0.0,0.3,0.3,0.3,0.0,0.0,0.0,0.0,0.0,
Thanasis Antetokounmpo,SF,27,MIL,13,0,4.2,0.8,1.5,.550,0.0,0.2,.000,0.8,1.4,.611,.550,0.3,0.6,.500,0.5,0.1,0.5,0.5,0.1,0.1,0.4,0.5,2.0,
Carmelo Anthony,PF,35,POR,30,30,32.2,6.2,14.1,.441,1.4,3.8,.374,4.8,10.2,.466,.492,2.4,2.9,.826,1.1,5.2,6.3,1.3,1.0,0.6,1.8,3.0,16.2,
OG Anunoby,SF,22,TOR,43,42,29.5,4.3,8.7,.492,1.3,3.7,.367,3.0,5.1,.583,.569,0.8,1.2,.660,1.1,4.5,5.6,1.7,1.1,0.7,1.3,2.5,10.8,
Ryan Arcidiacono,PG,25,CHI,42,0,14.7,1.3,3.4,.378,0.8,2.0,.381,0.5,1.4,.373,.490,0.5,0.6,.760,0.3,1.3,1.7,1.5,0.4,0.0,0.5,1.7,3.8,
Trevor Ariza,SF,34,SAC,32,0,24.7,2.0,5.2,.388,1.3,3.8,.352,0.7,1.3,.488,.518,0.7,0.8,.778,0.7,3.9,4.6,1.6,1.1,0.2,0.9,2.0,6.0,
D.J. Augustin,PG,32,ORL,39,6,26.0,3.3,8.4,.393,1.2,3.5,.346,2.1,4.9,.426,.465,2.9,3.3,.877,0.4,2.1,2.4,4.7,0.7,0.0,1.4,1.1,10.7,
Deandre Ayton,C,21,PHO,14,9,31.8,7.7,14.4,.535,0.0,0.1,.000,7.7,14.4,.537,.535,2.1,2.6,.833,3.6,8.4,11.9,1.9,0.5,1.5,1.6,3.0,17.6,
Dwayne Bacon,SG,24,CHO,35,10,18.2,2.4,6.7,.359,0.5,1.9,.292,1.9,4.8,.385,.400,0.9,1.5,.647,0.4,2.1,2.5,1.4,0.6,0.1,0.9,1.4,6.3,
Marvin Bagley,PF,20,SAC,13,6,25.7,6.0,12.8,.467,0.3,1.7,.182,5.7,11.2,.510,.479,1.9,2.4,.806,2.2,5.2,7.5,0.8,0.5,0.9,1.4,3.3,14.2,
Lonzo Ball,PG,22,NOP,37,28,31.1,4.5,11.6,.393,2.3,6.4,.359,2.2,5.2,.435,.492,0.7,1.4,.540,1.2,4.6,5.8,6.4,1.3,0.4,2.8,1.9,12.1,
Mo Bamba,C,21,ORL,41,0,15.3,2.2,4.9,.445,0.5,1.8,.301,1.6,3.1,.528,.500,0.4,0.6,.625,1.5,3.8,5.3,0.7,0.4,1.4,0.8,1.8,5.2,
J.J. Barea,PG,35,DAL,13,3,15.0,3.4,7.5,.454,1.5,3.2,.476,1.8,4.2,.436,.557,0.4,0.4,1.000,0.4,1.5,1.8,3.2,0.2,0.1,1.2,0.6,8.7,
Harrison Barnes,PF,27,SAC,44,44,35.1,5.1,11.5,.446,1.4,3.8,.355,3.8,7.7,.491,.505,3.3,4.2,.790,1.0,4.0,5.0,2.1,0.6,0.2,1.2,1.1,15.0,
RJ Barrett,SG,19,NYK,41,41,31.2,5.1,13.0,.393,1.1,3.5,.329,4.0,9.5,.417,.437,2.7,4.5,.603,1.1,4.2,5.2,2.5,1.0,0.4,2.2,2.2,14.1,
Will Barton,SF,29,DEN,41,41,33.6,5.7,12.9,.445,1.7,4.7,.366,4.0,8.2,.490,.511,1.8,2.4,.755,1.5,5.1,6.6,3.8,1.1,0.5,1.4,2.1,15.0,
Keita Bates-Diop,SF,24,MIN,32,0,17.8,2.4,5.7,.420,0.9,2.6,.357,1.4,3.0,.474,.503,1.3,1.9,.689,0.6,2.4,3.0,0.6,0.5,0.5,0.4,1.0,7.0,
Nicolas Batum,SF,31,CHO,21,2,22.4,1.3,3.5,.370,0.7,2.2,.304,0.6,1.3,.481,.466,0.3,0.3,1.000,1.0,3.4,4.5,2.9,0.8,0.4,1.0,1.9,3.5,
Aron Baynes,C,33,PHO,33,25,22.9,4.4,9.0,.490,1.3,3.8,.333,3.2,5.2,.605,.560,1.3,1.8,.721,1.6,4.1,5.8,1.9,0.2,0.6,1.2,3.5,11.5,
Kent Bazemore,SF-SG,30,TOT,44,21,25.6,2.6,7.5,.348,1.3,3.9,.329,1.3,3.6,.369,.435,1.4,1.7,.789,0.3,3.7,4.0,1.4,1.0,0.7,1.4,2.8,7.9,
Darius Bazley,PF,19,OKC,45,7,17.2,1.6,4.3,.363,0.6,2.0,.307,1.0,2.3,.410,.433,0.5,0.8,.676,0.4,3.3,3.7,0.5,0.4,0.7,0.8,1.0,4.2,
Bradley Beal,SG,26,WAS,36,36,35.5,9.5,21.3,.445,2.4,7.9,.311,7.1,13.5,.524,.503,6.1,7.3,.839,1.0,3.6,4.6,6.3,1.0,0.3,3.3,2.3,27.5,
Malik Beasley,SG,23,DEN,34,0,17.2,2.7,6.9,.399,1.4,3.6,.380,1.4,3.3,.420,.498,0.6,0.6,.909,0.2,1.5,1.7,0.9,0.6,0.1,0.8,1.2,7.4,
Marco Belinelli,SG,33,SAS,39,0,15.3,2.0,5.4,.371,1.0,2.8,.352,1.0,2.6,.392,.462,0.7,0.9,.778,0.1,1.7,1.7,1.3,0.2,0.0,0.3,0.8,5.7,
Jordan Bell,C,25,MIN,25,0,8.8,1.2,2.3,.526,0.1,0.3,.250,1.1,2.0,.571,.544,0.7,1.2,.586,1.1,1.9,3.0,0.6,0.1,0.4,0.7,0.6,3.2,
DeAndre' Bembry,SG,25,ATL,43,4,21.3,2.4,5.3,.456,0.3,1.5,.231,2.1,3.8,.546,.489,0.6,1.1,.542,0.8,2.7,3.5,1.9,1.3,0.4,1.4,2.0,5.8,
Dragan Bender,SF,22,MIL,6,0,14.2,1.7,3.3,.500,0.7,1.5,.444,1.0,1.8,.545,.600,0.3,0.5,.667,0.0,3.0,3.0,1.3,0.0,0.7,0.8,2.5,4.3,
Dāvis Bertāns,PF,27,WAS,34,4,29.2,5.0,11.5,.433,3.7,8.7,.424,1.3,2.8,.463,.594,1.6,1.9,.875,0.8,3.9,4.7,1.7,0.6,0.6,0.9,2.6,15.3,
Patrick Beverley,PG,31,LAC,36,36,28.3,3.1,7.2,.423,1.5,4.3,.351,1.6,2.9,.528,.527,0.7,1.1,.632,1.3,4.7,6.0,4.0,1.3,0.6,1.3,3.2,8.3,
Khem Birch,C,27,ORL,31,19,20.9,1.5,2.9,.495,0.0,0.0,.000,1.5,2.9,.500,.495,1.0,1.7,.574,1.8,3.0,4.8,1.0,0.5,0.6,0.7,2.0,3.9,
Goga Bitadze,C,20,IND,36,2,9.2,1.2,2.6,.473,0.1,0.6,.174,1.1,1.9,.571,.495,0.6,0.8,.690,0.6,1.7,2.3,0.5,0.1,0.7,0.5,1.3,3.1,
Bismack Biyombo,C,27,CHO,42,25,19.4,3.0,5.4,.544,0.0,0.0,,3.0,5.4,.544,.544,1.7,2.8,.619,2.3,3.6,5.9,0.9,0.2,0.9,0.9,2.2,7.6,
Nemanja Bjelica,PF,31,SAC,44,41,27.9,4.7,9.7,.487,2.0,4.6,.433,2.8,5.1,.535,.589,1.0,1.1,.860,1.6,4.9,6.5,2.6,0.9,0.5,1.5,3.0,12.4,
Eric Bledsoe,PG,30,MIL,37,37,26.1,5.5,11.4,.480,1.2,3.5,.354,4.2,7.9,.536,.534,2.7,3.2,.832,0.7,3.8,4.5,5.1,0.9,0.5,2.2,2.2,14.8,
Bogdan Bogdanović,SG,27,SAC,33,0,28.0,5.3,12.5,.426,2.6,6.9,.376,2.7,5.6,.489,.530,1.2,1.8,.656,0.4,2.6,2.9,3.5,1.0,0.3,2.1,2.0,14.5,
Bojan Bogdanović,SF,30,UTA,43,43,33.2,7.0,15.3,.454,3.0,7.3,.417,3.9,8.1,.487,.552,4.1,4.6,.904,0.6,3.5,4.1,2.0,0.6,0.1,2.7,1.8,21.1,
Jonah Bolden,PF,24,PHI,3,0,4.3,0.7,1.0,.667,0.0,0.3,.000,0.7,0.7,1.000,.667,0.0,0.7,.000,0.0,0.3,0.3,0.0,0.3,0.0,0.7,1.3,1.3,
Jordan Bone,PG,22,DET,5,0,3.2,0.4,1.4,.286,0.0,0.4,.000,0.4,1.0,.400,.286,0.0,0.0,,0.0,0.0,0.0,0.6,0.0,0.0,0.4,0.4,0.8,
Isaac Bonga,SF,20,WAS,38,26,17.4,1.7,3.1,.538,0.3,0.7,.357,1.4,2.3,.596,.581,0.9,1.2,.750,1.0,2.3,3.3,1.1,0.7,0.3,0.7,2.2,4.4,
Devin Booker,SG,23,PHO,41,41,35.9,9.1,18.0,.508,1.9,5.2,.358,7.3,12.8,.568,.560,6.4,7.0,.919,0.6,3.5,4.1,6.3,0.8,0.2,3.9,3.1,26.5,
Chris Boucher,PF,27,TOR,38,0,12.7,2.1,4.5,.453,0.5,1.7,.317,1.5,2.9,.532,.512,1.4,1.9,.732,1.9,2.5,4.4,0.4,0.3,0.9,0.4,1.7,6.0,
Brian Bowen,SG,21,IND,3,0,3.3,0.3,1.3,.250,0.0,0.3,.000,0.3,1.0,.333,.250,0.0,0.0,,0.0,0.3,0.3,0.0,0.0,0.3,0.0,0.0,0.7,
Ky Bowman,PG,22,GSW,37,10,22.4,2.9,7.1,.409,0.8,2.4,.344,2.1,4.7,.443,.468,0.6,0.8,.828,0.5,2.1,2.5,2.8,1.0,0.1,1.3,2.2,7.3,
Avery Bradley,SG,29,LAL,30,25,23.2,3.3,7.3,.450,0.7,2.5,.280,2.6,4.8,.538,.498,0.3,0.4,.750,0.5,1.8,2.2,1.1,0.9,0.1,1.1,2.3,7.6,
Tony Bradley,C,22,UTA,33,2,10.3,1.9,3.1,.624,0.0,0.0,,1.9,3.1,.624,.624,0.6,0.9,.613,1.7,2.5,4.2,0.3,0.3,0.5,0.5,2.1,4.4,
Jarrell Brantley,PF,23,UTA,2,0,4.5,0.0,0.0,,0.0,0.0,,0.0,0.0,,,0.0,0.0,,0.0,2.0,2.0,0.5,0.0,1.0,0.5,0.5,0.0,
Ignas Brazdeikis,SF,21,NYK,9,0,5.9,0.7,2.4,.273,0.1,1.0,.111,0.6,1.4,.385,.295,0.4,0.6,.800,0.2,0.3,0.6,0.4,0.0,0.1,0.2,0.3,1.9,
Mikal Bridges,SF,23,PHO,44,5,23.9,2.8,5.3,.528,0.6,1.8,.333,2.2,3.5,.632,.586,1.3,1.6,.800,0.8,3.0,3.8,1.3,1.4,0.4,0.9,2.0,7.5,
Miles Bridges,SF,21,CHO,45,45,30.3,4.7,10.7,.437,1.4,4.2,.340,3.2,6.5,.498,.503,1.3,1.7,.800,1.2,4.2,5.4,1.8,0.6,0.8,1.7,2.2,12.1,
Oshae Brissett,SF,21,TOR,13,0,8.7,0.8,2.3,.367,0.2,0.9,.250,0.6,1.4,.444,.417,0.4,0.5,.833,0.6,0.9,1.5,0.3,0.2,0.1,0.3,1.2,2.3,
Ryan Broekhoff,SG,29,DAL,10,0,7.7,1.1,2.5,.440,1.0,2.0,.500,0.1,0.5,.200,.640,0.5,0.6,.833,0.1,1.3,1.4,0.4,0.2,0.1,0.2,0.7,3.7,
Malcolm Brogdon,PG,27,IND,33,33,30.1,6.1,13.9,.439,1.4,4.1,.343,4.7,9.9,.479,.489,3.4,3.7,.926,0.7,3.6,4.3,7.3,0.7,0.2,2.5,1.8,17.1,
Dillon Brooks,SG,24,MEM,44,44,27.9,5.6,13.4,.415,2.2,5.5,.393,3.4,7.9,.431,.496,2.2,2.7,.838,1.0,2.4,3.4,2.0,1.0,0.4,1.6,3.8,15.5,
Bruce Brown,SG,23,DET,43,34,27.1,3.3,7.4,.441,0.5,1.6,.333,2.7,5.8,.470,.477,1.5,2.2,.684,1.0,3.3,4.2,3.8,1.2,0.5,1.7,2.7,8.6,
Charlie Brown,SG,22,ATL,5,0,5.4,0.6,2.0,.300,0.4,0.8,.500,0.2,1.2,.167,.400,1.0,1.0,1.000,0.4,0.4,0.8,0.2,0.0,0.4,0.0,0.0,2.6,
Jaylen Brown,SF,23,BOS,36,36,33.4,7.2,14.7,.491,2.1,5.3,.391,5.1,9.4,.547,.561,3.4,4.6,.752,1.1,5.7,6.8,2.4,1.2,0.3,2.3,2.9,20.0,
Moses Brown,C,20,POR,7,0,3.3,0.6,1.3,.444,0.0,0.0,,0.6,1.3,.444,.444,0.3,0.6,.500,0.4,1.1,1.6,0.0,0.1,0.0,0.4,0.7,1.4,
Sterling Brown,SF,24,MIL,32,0,14.9,1.8,4.7,.380,0.8,2.4,.338,1.0,2.3,.425,.467,0.7,0.9,.767,0.7,3.2,3.8,1.0,0.6,0.1,0.9,1.1,5.1,
Troy Brown,SG,20,WAS,40,14,25.7,4.0,8.8,.460,0.8,2.3,.323,3.3,6.4,.510,.503,1.5,2.0,.763,1.2,4.7,5.9,2.1,1.4,0.1,1.2,1.9,10.3,
Jalen Brunson,PG,23,DAL,43,8,16.8,2.9,6.2,.459,0.7,2.1,.315,2.2,4.2,.531,.511,0.9,1.1,.796,0.4,2.0,2.4,3.2,0.4,0.1,1.0,1.3,7.3,
Thomas Bryant,C,22,WAS,23,20,25.8,5.1,9.1,.557,0.5,1.7,.316,4.6,7.5,.610,.586,1.7,2.3,.741,2.0,5.5,7.5,2.3,0.4,0.9,1.4,2.3,12.4,
Reggie Bullock,SG,28,NYK,11,8,25.0,4.0,9.7,.411,1.5,4.9,.315,2.5,4.8,.509,.491,0.5,0.5,.833,0.6,1.2,1.8,1.3,1.5,0.0,0.5,2.4,10.0,
Trey Burke,PG,27,PHI,22,0,14.1,2.6,5.5,.479,0.7,1.6,.444,1.9,3.9,.494,.545,0.6,0.8,.722,0.6,0.9,1.5,2.3,0.3,0.0,0.5,0.9,6.6,
Alec Burks,SG,28,GSW,43,18,29.3,5.1,12.6,.406,1.6,4.5,.358,3.5,8.1,.433,.470,4.1,4.6,.904,0.8,4.0,4.8,3.2,1.1,0.3,1.5,2.3,16.0,
Deonte Burton,SG,26,OKC,26,0,8.2,1.0,2.9,.347,0.2,1.3,.147,0.8,1.6,.512,.380,0.2,0.4,.455,0.2,1.1,1.3,0.3,0.2,0.3,0.3,0.9,2.4,
Jimmy Butler,SF,30,MIA,38,38,35.0,5.8,13.3,.440,0.7,2.6,.263,5.2,10.7,.484,.466,7.9,9.6,.829,1.9,5.1,7.0,6.5,1.8,0.6,2.4,1.4,20.3,
Bruno Caboclo,SF,24,MEM,22,0,8.7,1.3,3.1,.406,0.2,1.1,.160,1.1,2.0,.545,.435,0.1,0.1,.667,0.8,1.2,2.0,0.5,0.5,0.5,0.3,1.0,2.8,
Kentavious Caldwell-Pope,SG,26,LAL,44,20,25.5,3.5,7.5,.465,1.5,3.5,.418,2.0,4.0,.506,.562,1.3,1.6,.826,0.7,1.6,2.3,1.8,0.8,0.2,0.9,1.9,9.8,
Vlatko Čančar,SF,22,DEN,8,0,1.9,0.3,0.5,.500,0.1,0.3,.500,0.1,0.3,.500,.625,0.3,0.3,1.000,0.1,0.1,0.3,0.4,0.1,0.0,0.1,0.1,0.9,
Clint Capela,C,25,HOU,36,36,33.3,6.4,10.2,.629,0.0,0.0,,6.4,10.2,.629,.629,1.4,2.6,.559,4.3,9.9,14.1,1.3,0.9,1.8,1.6,2.7,14.3,
DeMarre Carroll,SF,33,SAS,15,0,9.0,0.6,1.9,.310,0.2,0.9,.231,0.4,1.1,.375,.362,0.8,1.3,.600,0.5,1.6,2.1,0.7,0.1,0.1,0.7,1.3,2.2,
Jevon Carter,PG,24,PHO,29,2,13.6,1.3,3.5,.376,0.7,1.9,.382,0.6,1.6,.370,.480,0.2,0.3,.778,0.4,1.4,1.8,1.4,0.7,0.3,0.8,1.4,3.6,
Vince Carter,SF,43,ATL,38,0,15.1,1.7,5.2,.333,1.0,3.5,.291,0.7,1.7,.422,.432,0.4,0.6,.714,0.2,1.7,1.9,0.9,0.3,0.4,0.6,1.5,4.9,
Wendell Carter,C,20,CHI,37,37,30.0,4.5,8.4,.537,0.2,0.8,.214,4.3,7.6,.569,.547,2.6,3.5,.736,3.5,6.4,9.9,1.2,0.8,0.9,1.7,3.8,11.7,
Michael Carter-Williams,SG,28,ORL,22,0,16.3,2.1,5.4,.387,0.4,1.5,.235,1.7,3.9,.447,.420,1.2,1.7,.703,0.9,2.1,3.0,2.0,1.0,0.4,1.0,1.6,5.7,
Alex Caruso,PG,25,LAL,41,0,19.1,1.9,4.5,.409,0.6,1.9,.342,1.2,2.7,.455,.478,1.1,1.4,.793,0.2,1.7,2.0,1.8,1.0,0.3,0.9,1.6,5.5,
Willie Cauley-Stein,C,26,GSW,41,37,22.9,3.5,6.3,.560,0.0,0.0,,3.5,6.3,.560,.560,0.9,1.4,.614,1.7,4.5,6.2,1.5,1.1,1.2,0.9,2.5,7.9,
Tyson Chandler,C,37,HOU,25,5,8.8,0.6,0.7,.778,0.0,0.0,,0.6,0.7,.778,.778,0.2,0.5,.462,1.0,1.6,2.6,0.2,0.2,0.3,0.3,1.3,1.4,
Wilson Chandler,SF,32,BRK,14,0,20.1,2.4,5.5,.442,0.9,3.1,.279,1.6,2.4,.647,.519,0.6,0.7,.900,0.2,4.4,4.6,1.3,0.6,0.4,1.1,2.1,6.4,
Zylan Cheatham,SF,24,NOP,3,0,10.3,0.7,1.7,.400,0.0,0.3,.000,0.7,1.3,.500,.400,0.0,0.0,,0.3,1.7,2.0,0.7,0.0,0.3,1.0,1.7,1.3,
Chris Chiozza,PG,24,TOT,11,0,11.8,0.9,3.4,.270,0.6,1.6,.389,0.3,1.7,.158,.365,0.0,0.0,,0.0,1.5,1.5,2.6,0.9,0.2,0.8,1.1,2.5,
Marquese Chriss,PF,22,GSW,41,3,17.6,2.8,5.5,.502,0.1,0.6,.217,2.6,4.9,.535,.513,1.8,2.4,.755,1.9,3.6,5.5,1.8,0.6,0.9,1.4,1.9,7.4,
Gary Clark,PF,25,TOT,23,0,12.2,1.3,3.3,.413,1.0,2.7,.355,0.4,0.6,.692,.560,0.3,0.3,.857,0.8,1.7,2.5,0.5,0.1,0.4,0.2,1.0,3.9,
Brandon Clarke,PF,23,MEM,38,2,21.5,5.1,8.0,.630,0.5,1.2,.409,4.6,6.9,.667,.659,1.4,1.8,.809,1.3,4.3,5.6,1.5,0.4,0.8,0.9,1.7,12.0,
Jordan Clarkson,SG,27,TOT,43,0,23.7,5.2,11.6,.447,2.0,5.6,.358,3.2,6.0,.529,.533,2.2,2.6,.848,0.7,1.8,2.5,2.1,0.6,0.3,1.2,1.2,14.5,
Nicolas Claxton,PF,20,BRK,12,0,13.0,2.0,3.5,.571,0.1,0.6,.143,1.9,2.9,.657,.583,0.6,1.3,.467,1.3,1.3,2.7,1.2,0.1,0.7,0.6,1.0,4.7,
Chris Clemons,SG,22,HOU,25,0,9.0,1.9,4.4,.432,1.3,3.4,.384,0.6,1.0,.600,.581,0.2,0.2,.800,0.1,0.7,0.8,0.8,0.2,0.2,0.6,0.8,5.3,
Antonius Cleveland,SG,25,DAL,3,0,4.7,0.7,1.0,.667,0.0,0.3,.000,0.7,0.7,1.000,.667,0.0,0.0,,0.0,1.0,1.0,0.0,0.0,0.0,0.3,0.0,1.3,
Amir Coffey,SG,22,LAC,2,0,2.5,1.0,1.5,.667,0.5,1.0,.500,0.5,0.5,1.000,.833,0.0,0.0,,0.0,0.0,0.0,0.5,0.0,0.0,0.0,0.5,2.5,
John Collins,PF,22,ATL,19,19,30.7,7.3,14.2,.515,1.4,4.0,.355,5.9,10.2,.577,.565,2.3,2.9,.782,2.4,7.5,9.9,1.3,0.8,2.1,1.7,3.6,18.3,
Zach Collins,PF,22,POR,3,3,28.7,3.0,6.3,.474,1.0,2.3,.429,2.0,4.0,.500,.553,2.0,2.0,1.000,1.3,2.7,4.0,2.0,0.0,0.7,2.0,3.7,9.0,
Mike Conley,PG,32,UTA,25,22,28.0,4.4,11.7,.377,1.7,4.8,.355,2.7,6.8,.392,.450,2.4,3.0,.803,0.6,2.4,3.0,4.3,0.8,0.2,1.9,2.1,13.0,
Pat Connaughton,SG,27,MIL,41,0,17.7,1.9,4.3,.440,0.6,2.2,.286,1.2,2.0,.607,.514,0.4,0.6,.720,0.8,3.4,4.1,1.7,0.3,0.5,0.8,1.0,4.8,
Quinn Cook,PG,26,LAL,29,0,12.6,2.3,5.1,.456,0.7,1.9,.382,1.6,3.2,.500,.527,0.2,0.3,.667,0.2,1.1,1.3,1.3,0.3,0.0,0.8,0.7,5.6,
Tyler Cook,PF,22,CLE,9,0,3.4,0.7,0.9,.750,0.0,0.0,,0.7,0.9,.750,.750,0.6,0.7,.833,0.4,0.4,0.9,0.1,0.1,0.0,0.1,0.4,1.9,
Robert Covington,PF,29,MIN,43,42,29.1,4.4,10.2,.434,2.2,6.4,.345,2.2,3.8,.582,.542,1.6,2.0,.798,0.7,5.2,5.9,1.2,1.7,0.9,1.5,2.9,12.7,
Allen Crabbe,SG,27,TOT,30,1,18.6,1.8,5.1,.357,1.1,3.4,.317,0.8,1.8,.434,.461,0.3,0.4,.750,0.3,1.9,2.3,1.0,0.5,0.1,0.4,1.3,5.0,
Torrey Craig,SF,29,DEN,31,9,14.5,1.4,3.4,.413,0.4,1.6,.240,1.0,1.7,.574,.471,0.4,0.6,.650,0.7,1.7,2.4,0.6,0.4,0.6,0.5,2.0,3.6,
Jae Crowder,SF,29,MEM,41,41,29.6,3.3,9.1,.365,1.8,6.1,.295,1.5,3.0,.508,.464,1.5,2.0,.775,0.9,5.2,6.2,2.8,1.0,0.3,1.3,2.0,10.0,
Jarrett Culver,SG,20,MIN,43,30,24.8,3.8,9.8,.393,1.0,3.8,.278,2.8,6.0,.465,.446,1.0,2.0,.466,1.3,2.3,3.6,2.0,1.0,0.7,1.4,2.0,9.7,
Seth Curry,SG,29,DAL,41,9,22.5,3.7,8.1,.458,1.8,4.6,.395,1.9,3.5,.542,.571,1.2,1.4,.895,0.5,1.5,1.9,1.7,0.6,0.2,1.0,1.6,10.5,
Stephen Curry,PG,31,GSW,4,4,28.0,6.8,16.5,.409,2.3,9.3,.243,4.5,7.3,.621,.477,4.5,4.5,1.000,1.0,4.0,5.0,6.5,1.3,0.5,3.8,2.5,20.3,
Troy Daniels,SG,28,LAL,33,0,12.1,1.7,4.1,.407,1.1,2.9,.379,0.6,1.2,.475,.541,0.2,0.3,.700,0.2,0.9,1.1,0.4,0.2,0.1,0.2,0.7,4.6,
Anthony Davis,PF,26,LAL,37,37,34.7,9.2,18.3,.503,1.1,3.5,.300,8.1,14.8,.551,.532,7.2,8.3,.866,2.2,7.0,9.1,3.2,1.5,2.5,2.4,2.5,26.6,
Ed Davis,C,30,UTA,22,0,10.9,0.5,1.5,.375,0.0,0.0,,0.5,1.5,.375,.375,0.2,0.5,.455,1.1,2.9,4.0,0.4,0.4,0.4,0.6,2.3,1.3,
Terence Davis,SG,22,TOR,44,1,16.9,2.7,5.8,.462,1.3,3.2,.397,1.4,2.5,.545,.573,0.7,0.7,.938,0.8,2.7,3.5,2.0,0.5,0.2,1.0,1.5,7.3,
Dewayne Dedmon,C,30,SAC,29,5,14.4,2.0,4.9,.406,0.4,2.1,.213,1.6,2.8,.549,.451,0.7,0.9,.808,1.3,3.1,4.4,0.4,0.3,0.4,1.3,2.6,5.2,
Matthew Dellavedova,PG,29,CLE,41,0,12.8,1.0,2.9,.333,0.3,1.6,.172,0.7,1.4,.518,.379,0.6,0.7,.893,0.3,0.9,1.2,2.7,0.4,0.0,0.9,1.5,2.8,
DeMar DeRozan,SF,30,SAS,43,43,34.3,8.5,15.9,.533,0.2,0.6,.296,8.3,15.3,.543,.539,5.3,6.3,.841,0.7,4.9,5.6,5.2,1.1,0.3,2.5,2.9,22.4,
Cheick Diallo,C,23,PHO,28,0,9.2,1.9,2.8,.658,0.0,0.1,.500,1.8,2.8,.662,.665,0.8,0.9,.840,0.6,1.9,2.5,0.5,0.2,0.1,0.5,0.9,4.5,
Hamidou Diallo,SF,21,OKC,25,2,19.5,2.9,6.6,.436,0.2,1.0,.200,2.7,5.6,.479,.452,0.9,1.4,.639,0.8,2.3,3.1,0.7,0.9,0.2,1.0,2.2,6.9,
Gorgui Dieng,C,30,MIN,40,17,18.1,2.9,6.4,.447,1.1,2.7,.394,1.8,3.7,.486,.531,1.1,1.4,.804,1.7,4.3,6.0,1.4,0.9,1.0,1.0,2.1,8.0,
Spencer Dinwiddie,SG,26,BRK,42,31,31.0,7.2,17.2,.419,1.9,6.4,.302,5.3,10.8,.488,.475,5.5,7.0,.776,0.4,2.8,3.2,6.4,0.7,0.3,2.9,3.1,21.8,
Donte DiVincenzo,SG,23,MIL,41,20,22.7,3.4,7.5,.448,1.2,3.6,.333,2.2,3.9,.553,.528,0.9,1.2,.792,0.9,3.7,4.6,2.3,1.5,0.3,1.2,1.6,8.9,
Luka Dončić,PG,20,DAL,39,39,32.9,9.5,20.3,.466,3.0,9.1,.327,6.5,11.2,.580,.540,7.2,9.3,.777,1.5,8.3,9.7,9.0,1.0,0.2,4.3,2.4,29.1,
Luguentz Dort,SG,20,OKC,10,2,19.3,1.5,4.3,.349,0.3,2.1,.143,1.2,2.2,.545,.384,1.1,1.6,.688,0.3,0.9,1.2,0.9,0.6,0.0,0.7,3.1,4.4,
Damyean Dotson,SG,25,NYK,38,0,16.9,2.4,5.9,.404,1.1,3.3,.325,1.3,2.6,.505,.496,0.4,0.6,.667,0.2,1.7,1.9,1.2,0.4,0.1,0.4,0.8,6.3,
Sekou Doumbouya,SF,19,DET,18,10,18.9,2.8,6.1,.468,0.7,2.4,.302,2.1,3.7,.576,.528,1.1,1.7,.667,0.4,2.9,3.3,0.4,0.5,0.3,0.8,2.2,7.5,
PJ Dozier,PG,23,DEN,5,0,15.4,3.8,7.8,.487,0.6,2.0,.300,3.2,5.8,.552,.526,0.0,0.0,,0.2,2.0,2.2,2.0,0.0,0.0,0.8,2.0,8.2,
Goran Dragić,PG,33,MIA,34,1,28.0,5.5,12.1,.451,2.2,5.7,.392,3.2,6.4,.505,.544,2.6,3.6,.730,0.4,2.6,3.1,5.0,0.6,0.2,2.6,1.9,15.8,
Andre Drummond,C,26,DET,42,41,33.5,7.1,13.4,.531,0.0,0.5,.050,7.1,12.9,.549,.532,3.1,5.1,.600,4.4,11.3,15.7,2.7,2.1,1.8,3.6,3.6,17.3,
Jared Dudley,SF,34,LAL,30,1,8.5,0.5,1.3,.421,0.4,0.9,.481,0.1,0.4,.273,.592,0.1,0.1,1.000,0.1,0.8,0.9,0.6,0.3,0.1,0.2,1.1,1.6,
Kris Dunn,PG,25,CHI,46,27,25.2,3.0,6.9,.428,0.6,2.3,.262,2.3,4.6,.512,.472,0.8,1.1,.740,0.5,3.1,3.6,3.3,2.0,0.3,1.3,3.2,7.3,
Carsen Edwards,SG,21,BOS,28,0,10.0,1.1,3.6,.320,0.7,2.2,.311,0.5,1.4,.333,.415,0.4,0.5,.846,0.2,1.3,1.4,0.8,0.4,0.1,0.5,0.9,3.4,
Henry Ellenson,PF,23,BRK,5,0,3.0,0.2,1.4,.143,0.0,0.8,.000,0.2,0.6,.333,.143,0.0,0.0,,0.4,0.8,1.2,0.2,0.0,0.0,0.0,0.2,0.4,
Wayne Ellington,SG,32,NYK,23,1,14.3,1.4,4.3,.323,1.1,3.5,.309,0.3,0.8,.389,.449,0.2,0.3,.667,0.1,1.6,1.7,1.0,0.3,0.1,0.6,1.0,4.0,
Joel Embiid,C,25,PHI,31,31,31.1,7.7,16.3,.472,1.2,3.8,.322,6.5,12.5,.518,.510,6.8,8.1,.837,2.5,9.8,12.3,3.3,0.8,1.4,3.0,3.5,23.4,
James Ennis,SF,29,PHI,44,0,16.7,2.2,4.9,.444,0.8,2.3,.363,1.3,2.5,.518,.530,1.1,1.4,.787,1.1,2.2,3.3,0.9,0.5,0.3,0.7,1.9,6.3,
Drew Eubanks,PF,22,SAS,7,0,5.4,1.3,2.0,.643,0.0,0.0,,1.3,2.0,.643,.643,0.4,0.4,1.000,0.9,1.4,2.3,0.3,0.0,0.1,0.6,0.7,3.0,
Jacob Evans,SG,22,GSW,22,0,15.0,1.5,5.0,.312,0.5,1.3,.345,1.1,3.6,.300,.358,0.9,1.0,.826,0.3,1.2,1.5,1.0,0.3,0.4,1.1,1.5,4.4,
Dante Exum,SG,24,TOT,22,0,12.7,1.6,3.4,.486,0.5,1.2,.385,1.2,2.2,.542,.554,0.8,1.1,.680,0.1,1.4,1.5,1.0,0.3,0.2,1.0,1.0,4.5,
Tacko Fall,C,24,BOS,4,0,5.3,2.0,2.8,.727,0.0,0.0,,2.0,2.8,.727,.727,0.3,0.8,.333,0.0,2.5,2.5,0.0,0.0,0.5,0.8,1.0,4.3,
Derrick Favors,C,28,NOP,26,24,24.2,4.5,7.2,.626,0.0,0.2,.250,4.5,7.0,.634,.628,0.8,1.3,.588,3.3,6.8,10.1,2.0,0.6,1.1,1.3,2.3,9.8,
Cristiano Felício,PF,27,CHI,6,0,11.8,1.5,2.0,.750,0.0,0.0,,1.5,2.0,.750,.750,0.5,0.5,1.000,1.5,1.3,2.8,0.7,0.2,0.0,0.3,0.7,3.5,
Terrance Ferguson,SF,21,OKC,36,36,26.0,1.8,4.6,.398,1.1,3.6,.320,0.7,1.1,.658,.521,0.3,0.3,.818,0.6,1.1,1.7,0.9,0.6,0.3,0.7,3.2,5.1,
Bruno Fernando,C,21,ATL,40,9,12.3,1.7,3.4,.489,0.1,0.7,.143,1.6,2.7,.579,.504,0.6,1.0,.615,1.2,2.0,3.3,1.0,0.4,0.4,0.9,1.8,4.0,
Yogi Ferrell,PG,26,SAC,33,0,12.4,1.8,4.2,.431,0.5,1.5,.314,1.3,2.6,.500,.489,0.8,1.0,.875,0.2,1.1,1.2,1.5,0.3,0.1,0.6,0.8,4.9,
Dorian Finney-Smith,PF,26,DAL,43,40,29.6,3.3,7.1,.463,1.6,4.1,.376,1.7,3.0,.581,.572,1.1,1.6,.716,2.0,3.3,5.3,1.4,0.7,0.5,0.9,2.3,9.3,
Bryn Forbes,SG,26,SAS,43,42,25.7,4.0,9.8,.403,2.3,6.3,.370,1.6,3.5,.461,.521,1.2,1.4,.820,0.2,2.0,2.2,1.7,0.5,0.0,1.0,1.9,11.4,
Evan Fournier,SG,27,ORL,44,44,31.4,6.7,14.2,.472,2.6,6.3,.406,4.1,7.9,.524,.562,2.9,3.6,.816,0.2,2.4,2.6,3.3,1.0,0.2,2.1,2.5,18.9,
De'Aaron Fox,PG,22,SAC,26,24,31.3,7.0,14.8,.475,1.0,3.3,.306,6.0,11.5,.523,.509,4.1,6.0,.690,0.8,3.4,4.2,7.2,1.5,0.5,3.3,3.0,19.2,
Melvin Frazier,SG,23,ORL,11,0,3.9,0.5,1.5,.353,0.4,0.6,.571,0.2,0.9,.200,.471,0.2,0.4,.500,0.1,0.3,0.4,0.1,0.3,0.2,0.2,0.7,1.6,
Michael Frazier,SG,25,HOU,4,0,5.0,0.5,1.5,.333,0.3,1.3,.200,0.3,0.3,1.000,.417,0.0,0.0,,0.3,0.5,0.8,0.3,0.3,0.0,0.0,1.0,1.3,
Tim Frazier,PG,29,DET,26,11,13.5,1.3,3.6,.366,0.4,1.2,.333,0.9,2.4,.381,.419,0.7,0.9,.792,0.3,0.9,1.3,3.6,0.5,0.2,1.3,1.6,3.7,
Markelle Fultz,PG,21,ORL,44,39,27.5,4.9,10.6,.464,0.5,1.8,.260,4.5,8.9,.504,.485,1.6,2.1,.745,0.5,3.0,3.5,4.6,1.3,0.2,2.0,1.9,11.9,
Wenyen Gabriel,PF,22,SAC,11,0,5.5,0.5,1.5,.353,0.1,0.7,.125,0.5,0.8,.556,.382,0.5,0.9,.600,0.4,0.5,0.9,0.3,0.3,0.2,0.5,0.6,1.7,
Daniel Gafford,C,21,CHI,32,4,12.8,2.1,3.1,.677,0.0,0.0,,2.1,3.1,.677,.677,0.6,1.1,.528,1.2,1.2,2.4,0.4,0.3,1.3,0.5,1.9,4.8,
Danilo Gallinari,PF,31,OKC,38,38,30.6,5.8,13.4,.433,3.1,7.5,.408,2.8,5.9,.465,.547,4.3,4.7,.906,0.7,5.1,5.8,2.2,0.7,0.1,1.4,1.3,19.0,
Langston Galloway,SG,28,DET,45,6,25.3,3.5,8.1,.430,2.0,5.0,.389,1.5,3.0,.496,.551,1.4,1.6,.859,0.4,1.8,2.2,1.5,0.8,0.2,0.6,1.3,10.2,
Darius Garland,PG,20,CLE,44,44,29.9,4.6,11.6,.399,1.8,5.2,.355,2.8,6.4,.435,.478,1.2,1.4,.867,0.4,1.6,2.0,3.6,0.8,0.0,2.7,1.5,12.3,
Marc Gasol,C,35,TOR,32,32,27.8,2.8,6.6,.420,1.4,3.5,.402,1.4,3.1,.440,.526,0.8,1.1,.714,0.8,5.6,6.4,3.5,0.9,1.0,1.3,2.9,7.8,
Rudy Gay,PF,33,SAS,40,5,22.2,3.8,8.5,.446,1.1,3.3,.331,2.7,5.3,.517,.509,1.8,2.1,.847,1.0,4.8,5.8,1.8,0.5,0.6,1.5,1.4,10.5,
Paul George,SF,29,LAC,26,26,30.7,7.6,17.8,.429,3.6,9.2,.395,4.0,8.6,.464,.530,4.6,5.1,.909,0.5,5.5,6.0,3.7,1.5,0.5,3.3,2.5,23.5,
Taj Gibson,C,34,NYK,42,36,16.6,2.4,4.3,.549,0.0,0.2,.200,2.3,4.1,.570,.555,0.6,0.8,.735,1.8,2.5,4.3,1.0,0.5,0.4,0.8,2.2,5.4,
Harry Giles,PF,21,SAC,18,3,10.8,2.0,4.4,.456,0.0,0.0,,2.0,4.4,.456,.456,0.7,0.8,.857,0.7,2.1,2.7,1.2,0.6,0.2,1.0,2.2,4.7,
Shai Gilgeous-Alexander,SG,21,OKC,45,45,35.6,7.2,15.2,.474,1.2,3.5,.340,6.0,11.8,.513,.512,4.1,5.0,.823,0.7,5.3,6.0,3.0,1.3,0.5,1.9,1.6,19.8,
Rudy Gobert,C,27,UTA,42,42,34.2,6.0,8.9,.683,0.0,0.0,,6.0,8.9,.683,.683,3.5,5.7,.618,3.7,10.8,14.5,1.7,0.7,2.0,1.9,3.0,15.6,
Brandon Goodwin,PG,24,ATL,16,1,12.8,2.4,5.9,.400,0.9,2.8,.341,1.4,3.2,.451,.479,0.9,0.9,1.000,0.3,1.8,2.0,1.6,0.5,0.2,0.9,1.5,6.6,
Aaron Gordon,PF,24,ORL,39,39,31.4,5.1,12.0,.424,1.1,3.8,.293,4.0,8.2,.486,.471,2.1,3.0,.678,1.7,5.5,7.2,2.9,0.7,0.5,1.6,2.0,13.4,
Eric Gordon,SG,31,HOU,19,4,28.9,4.7,13.0,.360,3.1,8.8,.345,1.6,4.2,.392,.478,1.4,2.2,.634,0.3,1.5,1.8,1.2,0.4,0.3,1.2,2.1,13.8,
Devonte' Graham,PG,24,CHO,45,35,35.2,5.8,15.5,.376,3.6,9.4,.386,2.2,6.1,.361,.494,3.3,4.0,.826,0.8,2.8,3.6,7.7,0.9,0.3,3.0,1.9,18.6,
Treveon Graham,SG,26,TOT,35,20,19.5,1.8,5.1,.356,0.6,2.5,.244,1.2,2.7,.457,.414,0.8,1.1,.718,0.9,2.1,2.9,0.9,0.5,0.1,0.6,1.9,5.1,
Jerami Grant,PF,25,DEN,44,11,24.6,3.7,8.0,.466,1.2,3.2,.374,2.5,4.8,.526,.540,1.8,2.7,.686,0.8,2.7,3.4,1.0,0.5,0.7,0.8,2.0,10.5,
Josh Gray,PG,26,NOP,2,0,11.5,0.5,1.0,.500,0.0,0.0,,0.5,1.0,.500,.500,0.0,0.0,,0.5,0.5,1.0,1.0,0.0,0.0,2.5,0.5,1.0,
Danny Green,SG,32,LAL,43,43,25.1,3.2,7.4,.428,1.9,5.1,.381,1.2,2.3,.530,.558,0.6,0.9,.703,0.7,2.9,3.6,1.3,1.2,0.5,0.8,2.2,8.9,
Draymond Green,PF,29,GSW,33,33,29.1,3.0,7.7,.384,0.8,3.0,.273,2.2,4.7,.455,.437,1.6,2.1,.754,0.5,5.7,6.3,5.5,1.5,0.8,2.2,2.6,8.3,
JaMychal Green,PF,29,LAC,36,0,21.2,2.3,5.7,.400,1.3,3.9,.345,0.9,1.8,.515,.517,0.8,1.0,.771,1.5,5.0,6.5,0.7,0.5,0.4,0.9,2.7,6.6,
Javonte Green,SF,26,BOS,35,0,8.4,1.2,2.4,.518,0.2,0.5,.316,1.1,1.8,.578,.554,0.6,0.9,.700,0.3,1.2,1.5,0.4,0.4,0.1,0.3,0.7,3.2,
Jeff Green,PF,33,UTA,30,2,18.4,2.5,6.5,.385,1.1,3.5,.327,1.4,3.0,.451,.472,1.6,2.1,.778,0.5,2.2,2.7,0.7,0.4,0.3,0.9,1.5,7.8,
Blake Griffin,PF,30,DET,18,18,28.4,4.9,13.9,.352,1.5,6.2,.243,3.4,7.7,.439,.406,4.2,5.4,.776,0.9,3.7,4.7,3.3,0.4,0.4,2.2,1.5,15.5,
Marko Guduric,SG,24,MEM,29,0,13.7,1.6,4.4,.367,0.6,2.2,.277,1.0,2.2,.460,.438,0.6,0.7,.895,0.4,1.5,1.9,1.3,0.3,0.2,1.0,0.9,4.4,
Kyle Guy,SG,22,SAC,1,0,3.0,0.0,1.0,.000,0.0,1.0,.000,0.0,0.0,,.000,0.0,0.0,,0.0,0.0,0.0,0.0,0.0,0.0,0.0,0.0,0.0,
Rui Hachimura,PF,21,WAS,25,25,29.2,5.8,12.1,.482,0.4,1.9,.208,5.4,10.2,.533,.498,1.8,2.2,.852,1.6,4.2,5.8,1.6,0.7,0.1,0.8,2.3,13.9,
Devon Hall,SG,24,OKC,5,0,4.0,0.2,1.0,.200,0.0,0.4,.000,0.2,0.6,.333,.200,0.6,0.8,.750,0.0,0.2,0.2,0.6,0.0,0.0,0.2,0.2,1.0,
Tim Hardaway,SG,27,DAL,40,27,26.2,5.0,11.6,.430,2.7,6.8,.392,2.3,4.8,.484,.545,1.7,2.2,.782,0.4,2.6,3.0,1.7,0.6,0.1,0.8,1.8,14.4,
James Harden,SG,30,HOU,42,42,37.1,10.6,24.0,.441,4.8,13.2,.360,5.8,10.7,.541,.541,10.7,12.5,.859,1.1,5.1,6.2,7.4,1.6,0.9,4.6,3.2,36.6,
Maurice Harkless,SF,26,LAC,44,32,22.5,2.2,4.3,.516,0.5,1.4,.333,1.8,2.9,.602,.569,0.5,1.0,.571,1.0,3.0,4.0,1.0,1.0,0.6,1.0,2.4,5.4,
Jared Harper,PG,22,PHO,1,0,2.0,0.0,1.0,.000,0.0,1.0,.000,0.0,0.0,,.000,0.0,0.0,,0.0,0.0,0.0,0.0,0.0,0.0,0.0,0.0,0.0,
Montrezl Harrell,C,26,LAC,44,2,28.8,7.9,13.8,.572,0.0,0.3,.000,7.9,13.4,.586,.572,3.7,5.8,.629,2.8,4.3,7.2,1.8,0.7,1.1,1.9,2.3,19.4,
Gary Harris,SG,25,DEN,37,37,32.9,4.1,9.8,.421,1.4,4.3,.316,2.8,5.5,.502,.490,1.4,1.7,.823,0.5,2.2,2.8,2.2,1.5,0.3,1.0,2.4,11.0,
Joe Harris,SF,28,BRK,41,41,31.8,5.2,11.3,.460,2.4,6.0,.408,2.8,5.3,.518,.568,1.1,1.6,.734,0.9,3.3,4.2,2.1,0.7,0.3,1.5,2.5,14.0,
Tobias Harris,PF,27,PHI,46,46,34.3,7.6,15.8,.477,1.8,5.0,.358,5.8,10.9,.532,.534,2.4,3.0,.799,0.7,6.0,6.7,3.0,0.8,0.6,1.5,2.3,19.3,
Shaquille Harrison,SF,26,CHI,27,4,7.1,1.0,2.4,.400,0.1,0.6,.267,0.8,1.9,.440,.431,0.7,1.0,.692,0.3,1.0,1.3,0.9,0.4,0.2,0.2,0.8,2.7,
Josh Hart,SF,24,NOP,38,11,28.4,3.6,8.8,.414,2.1,6.1,.349,1.5,2.7,.564,.536,1.3,1.7,.750,0.9,5.1,6.0,1.4,1.1,0.3,1.3,2.8,10.7,
Isaiah Hartenstein,C,21,HOU,19,2,12.7,2.2,3.2,.683,0.0,0.2,.000,2.2,3.0,.719,.683,0.9,1.4,.692,1.3,3.1,4.4,0.8,0.4,0.6,0.7,1.9,5.3,
Udonis Haslem,PF,39,MIA,2,0,5.5,0.5,0.5,1.000,0.0,0.0,,0.5,0.5,1.000,1.000,1.5,2.0,.750,0.0,1.5,1.5,0.0,0.0,0.0,0.0,1.5,2.5,
Jaxson Hayes,C,19,NOP,42,12,19.8,3.3,4.9,.668,0.0,0.1,.250,3.2,4.8,.677,.671,2.2,3.5,.634,1.8,3.0,4.7,1.0,0.5,1.2,0.8,2.9,8.7,
Gordon Hayward,SF,29,BOS,27,27,31.9,6.5,12.7,.510,1.4,4.0,.364,5.0,8.7,.576,.567,1.7,2.0,.868,0.9,4.9,5.9,4.1,0.7,0.4,1.6,1.8,16.1,
John Henson,PF,29,CLE,21,1,13.2,2.0,3.9,.524,0.1,0.9,.158,1.9,3.0,.635,.543,0.6,1.2,.500,1.0,2.8,3.8,1.4,0.6,1.2,0.7,1.5,4.9,
Dewan Hernandez,C,23,TOR,4,0,2.8,0.3,1.3,.200,0.0,0.3,.000,0.3,1.0,.250,.200,0.5,0.5,1.000,0.5,1.3,1.8,0.0,0.3,0.0,0.3,1.5,1.0,
Juan Hernangómez,PF,24,DEN,29,0,11.8,1.0,2.9,.345,0.4,1.7,.260,0.6,1.2,.471,.423,0.3,0.7,.526,0.5,1.9,2.4,0.7,0.1,0.1,0.4,0.7,2.8,
Willy Hernangómez,C,25,CHO,16,0,7.4,1.8,3.1,.592,0.3,0.7,.364,1.6,2.4,.658,.633,0.8,1.6,.480,1.0,1.8,2.8,0.3,0.1,0.3,0.7,0.5,4.6,
Tyler Herro,SG,20,MIA,41,3,27.7,4.8,11.4,.419,2.2,5.4,.403,2.6,6.0,.433,.514,1.4,1.7,.855,0.3,3.8,4.1,2.1,0.7,0.1,1.7,1.3,13.2,
Kevin Hervey,PF,23,OKC,4,0,2.3,0.0,1.0,.000,0.0,0.8,.000,0.0,0.3,.000,.000,0.0,0.0,,0.0,0.5,0.5,0.3,0.0,0.0,0.0,0.3,0.0,
Mario Hezonja,PF,24,POR,33,4,16.7,1.6,4.0,.397,0.4,1.3,.310,1.2,2.7,.438,.447,1.1,1.2,.854,0.6,3.3,3.9,0.8,0.6,0.1,0.8,2.3,4.6,
Buddy Hield,SG,27,SAC,44,44,34.4,7.3,17.6,.416,3.5,9.8,.360,3.8,7.8,.487,.517,1.8,2.2,.816,0.9,4.1,5.0,3.3,0.9,0.3,2.6,2.6,20.0,
George Hill,PG,33,MIL,42,0,21.0,3.5,6.4,.544,1.5,2.9,.533,2.0,3.5,.554,.665,1.2,1.5,.810,0.9,2.1,3.1,3.0,0.7,0.1,0.9,1.4,9.8,
Solomon Hill,SF,28,MEM,42,2,18.9,2.1,5.1,.403,1.2,3.2,.373,0.9,2.0,.451,.519,0.5,0.7,.710,0.5,2.6,3.1,2.0,0.7,0.2,0.8,1.4,5.9,
Jaylen Hoard,SF,20,POR,12,0,7.8,1.1,2.4,.448,0.0,0.3,.000,1.1,2.2,.500,.448,0.5,0.9,.545,1.1,1.4,2.5,0.3,0.4,0.0,0.3,0.8,2.7,
Aaron Holiday,PG,23,IND,43,18,23.1,3.8,9.1,.417,1.5,3.7,.408,2.3,5.4,.423,.499,1.1,1.3,.870,0.4,1.9,2.3,3.4,0.8,0.2,1.4,1.8,10.2,
Jrue Holiday,SG,29,NOP,36,36,35.5,7.8,17.7,.443,2.1,5.9,.355,5.8,11.8,.486,.502,2.1,2.9,.724,1.3,3.5,4.8,6.3,1.7,0.8,3.0,2.1,19.9,
Justin Holiday,SG,30,IND,45,2,25.3,2.8,6.7,.423,1.8,4.3,.415,1.0,2.3,.438,.558,0.7,0.8,.789,0.4,3.0,3.4,1.4,1.0,0.6,0.5,1.8,8.1,
Rondae Hollis-Jefferson,SF,25,TOR,36,2,20.1,2.9,6.2,.471,0.1,0.4,.143,2.9,5.8,.493,.475,2.0,2.8,.737,2.2,3.0,5.2,1.8,0.9,0.4,1.0,2.1,7.9,
Richaun Holmes,C,26,SAC,37,33,29.4,5.5,8.4,.660,0.0,0.0,,5.5,8.4,.660,.660,2.1,2.5,.817,3.1,5.4,8.5,1.0,1.1,1.4,1.2,3.9,13.1,
Rodney Hood,SF,27,POR,21,21,29.5,4.1,8.2,.506,1.7,3.4,.493,2.5,4.8,.515,.608,1.0,1.3,.778,0.5,3.0,3.4,1.5,0.8,0.2,0.9,2.2,11.0,
Al Horford,C,33,PHI,42,42,31.0,5.1,11.5,.449,1.4,4.3,.318,3.8,7.2,.526,.508,0.8,1.2,.700,1.6,5.0,6.6,4.0,1.0,1.0,1.1,2.2,12.5,
Talen Horton-Tucker,SG,19,LAL,2,0,2.5,0.0,0.5,.000,0.0,0.5,.000,0.0,0.0,,.000,0.0,0.0,,0.0,0.0,0.0,1.0,0.5,0.0,0.0,0.0,0.0,
Danuel House,SF,26,HOU,37,29,30.3,3.5,8.2,.424,1.9,5.4,.364,1.5,2.9,.538,.543,1.1,1.5,.750,1.0,2.9,3.9,1.2,0.9,0.5,0.9,2.2,10.1,
Dwight Howard,C,34,LAL,44,0,20.1,3.1,4.3,.723,0.1,0.1,.600,3.0,4.2,.727,.731,1.4,2.8,.496,2.5,5.2,7.7,0.7,0.4,1.5,1.3,3.3,7.6,
Kevin Huerter,SG,21,ATL,34,26,28.0,4.1,10.1,.408,2.1,5.4,.391,2.0,4.7,.428,.513,1.1,1.4,.826,0.6,3.6,4.3,3.4,0.9,0.5,1.7,2.2,11.5,
De'Andre Hunter,SF,22,ATL,44,43,31.0,4.3,10.9,.400,1.6,4.7,.332,2.8,6.1,.452,.472,1.7,2.2,.763,0.5,3.3,3.8,1.8,0.7,0.3,1.6,2.7,11.9,
Chandler Hutchison,SF,23,CHI,19,6,15.9,2.1,4.5,.453,0.4,0.9,.444,1.6,3.6,.456,.500,1.5,2.5,.617,0.2,3.0,3.2,0.7,0.9,0.3,1.0,1.5,6.1,
Serge Ibaka,C,30,TOR,34,14,26.5,6.0,12.0,.501,1.0,2.6,.371,5.0,9.4,.538,.542,1.9,2.5,.744,2.1,6.2,8.4,1.3,0.5,0.8,2.0,2.8,14.9,
Ersan İlyasova,PF,32,MIL,41,4,16.6,2.8,5.7,.498,0.9,2.5,.373,1.9,3.2,.595,.579,1.3,1.6,.828,1.2,4.2,5.4,1.0,0.4,0.3,0.6,1.5,7.9,
Joe Ingles,SF,32,UTA,44,24,29.9,3.8,8.4,.451,2.2,5.2,.422,1.6,3.2,.500,.582,1.1,1.4,.783,0.4,3.9,4.2,5.0,0.9,0.1,1.9,2.0,10.9,
Brandon Ingram,PF,22,NOP,40,40,34.7,8.8,18.6,.471,2.5,6.3,.394,6.3,12.4,.510,.538,5.5,6.5,.853,0.9,5.7,6.6,4.3,0.9,0.8,3.0,2.9,25.5,
Kyrie Irving,PG,27,BRK,15,15,32.7,9.7,21.2,.459,2.5,7.0,.362,7.2,14.2,.507,.519,4.5,4.9,.919,1.1,4.3,5.3,6.9,1.4,0.5,2.2,2.5,26.5,
Jonathan Isaac,SF,22,ORL,32,32,29.7,4.7,10.1,.463,0.9,2.8,.330,3.7,7.2,.515,.509,1.8,2.3,.767,1.8,5.2,6.9,1.4,1.6,2.4,1.5,2.5,12.0,
Wesley Iwundu,SF,25,ORL,31,10,18.4,1.6,4.4,.358,0.3,1.3,.250,1.3,3.1,.402,.394,1.4,1.7,.808,0.6,2.1,2.7,1.0,0.6,0.3,0.5,1.6,4.8,
Frank Jackson,PG,21,NOP,36,1,13.8,2.2,5.6,.395,0.8,2.6,.304,1.4,3.0,.472,.465,0.9,1.2,.773,0.4,0.9,1.3,0.8,0.4,0.1,0.9,1.4,6.1,
Jaren Jackson,C,20,MEM,43,43,28.0,6.4,13.5,.476,2.6,6.5,.406,3.8,7.1,.539,.573,2.2,2.9,.752,1.0,3.7,4.8,1.4,0.7,1.5,1.7,4.1,17.7,
Justin Jackson,PF,24,DAL,38,2,16.1,2.3,5.6,.410,0.9,2.9,.312,1.4,2.7,.515,.491,0.6,0.7,.821,0.4,2.0,2.4,0.6,0.2,0.1,0.2,1.2,6.1,
Reggie Jackson,PG,29,DET,3,2,18.3,4.0,8.3,.480,1.3,4.0,.333,2.7,4.3,.615,.560,1.3,1.3,1.000,0.3,2.3,2.7,4.0,0.7,0.0,0.7,0.7,10.7,
Justin James,SG,23,SAC,25,0,8.2,1.1,2.8,.400,0.3,1.0,.333,0.8,1.8,.435,.457,0.2,0.5,.308,0.2,1.0,1.1,0.6,0.2,0.4,0.3,0.6,2.7,
LeBron James,PG,35,LAL,42,42,34.8,9.6,19.6,.492,2.1,6.0,.343,7.6,13.5,.559,.545,3.8,5.5,.694,1.0,6.6,7.6,10.8,1.4,0.5,3.8,1.7,25.1,
Amile Jefferson,PF,26,ORL,15,0,4.7,0.3,0.9,.385,0.0,0.0,,0.3,0.9,.385,.385,0.3,0.8,.333,0.5,0.9,1.4,0.3,0.0,0.2,0.2,0.5,0.9,
DaQuan Jeffries,SG,22,SAC,3,0,4.0,0.3,1.0,.333,0.0,0.3,.000,0.3,0.7,.500,.333,0.0,0.0,,0.3,0.0,0.3,0.3,0.0,0.0,0.0,1.0,0.7,
Ty Jerome,PG,22,PHO,14,0,10.9,1.2,3.8,.321,0.4,1.5,.286,0.8,2.3,.344,.377,0.3,0.4,.800,0.3,1.1,1.4,1.7,0.9,0.1,0.6,1.1,3.1,
Alize Johnson,SF,23,IND,11,0,4.2,0.6,1.3,.500,0.0,0.0,,0.6,1.3,.500,.500,0.4,0.5,.667,0.5,0.8,1.4,0.2,0.0,0.0,0.1,0.5,1.6,
B.J. Johnson,SF,24,ORL,4,0,9.5,1.3,3.5,.357,0.3,1.3,.200,1.0,2.3,.444,.393,0.0,0.0,,0.3,0.8,1.0,0.5,0.5,0.0,0.8,0.0,2.8,
Cameron Johnson,PF,23,PHO,38,0,19.8,2.7,6.4,.420,1.7,4.4,.398,0.9,2.0,.468,.556,0.7,0.9,.750,0.9,2.1,3.1,0.9,0.4,0.3,0.6,1.5,7.8,
James Johnson,PF,32,MIA,14,0,16.4,2.6,4.9,.529,1.1,2.5,.457,1.4,2.4,.606,.647,0.6,1.0,.571,0.5,2.4,2.9,0.9,0.2,0.8,0.7,1.9,6.9,
Keldon Johnson,SF,20,SAS,2,0,3.5,0.5,2.0,.250,0.0,0.0,,0.5,2.0,.250,.250,0.0,0.0,,0.0,1.0,1.0,0.0,0.0,0.0,0.0,0.0,1.0,
Stanley Johnson,PF,23,TOR,14,0,5.2,0.5,1.9,.269,0.1,0.9,.167,0.4,1.0,.357,.308,0.2,0.3,.750,0.2,0.9,1.1,0.3,0.2,0.1,0.5,0.5,1.4,
Tyler Johnson,SG,27,PHO,28,3,16.9,2.1,5.6,.376,0.7,2.6,.270,1.4,3.0,.470,.439,0.8,1.1,.733,0.4,1.5,1.8,1.7,0.4,0.3,0.8,1.4,5.7,
Nikola Jokić,C,24,DEN,44,44,31.6,7.5,14.8,.509,1.3,3.9,.327,6.3,10.9,.574,.552,3.1,4.0,.782,2.4,7.6,10.0,6.4,1.0,0.6,2.8,3.1,19.4,
Damian Jones,C,24,ATL,40,20,16.2,2.4,3.4,.691,0.1,0.2,.333,2.3,3.3,.708,.699,1.2,1.6,.719,1.3,2.2,3.5,0.6,0.4,0.8,0.6,2.9,5.9,
Derrick Jones,SF,22,MIA,30,2,24.3,3.1,6.6,.472,0.6,2.6,.234,2.5,4.0,.625,.518,1.7,2.2,.773,0.8,3.4,4.2,0.9,1.0,0.7,0.7,2.3,8.5,
Tyus Jones,PG,23,MEM,44,6,18.9,2.6,5.9,.440,0.5,1.6,.348,2.0,4.3,.474,.486,0.5,0.7,.750,0.1,1.5,1.6,4.6,0.9,0.1,1.0,0.7,6.3,
DeAndre Jordan,C,31,BRK,37,4,21.0,3.2,4.9,.656,0.0,0.0,,3.2,4.9,.656,.656,1.5,2.2,.679,2.4,7.4,9.7,2.0,0.4,0.9,1.3,2.0,8.0,
Cory Joseph,PG,28,SAC,44,20,25.1,2.4,6.1,.398,0.6,2.0,.318,1.8,4.1,.436,.450,0.8,1.0,.833,0.5,2.1,2.6,3.5,0.7,0.3,1.1,2.0,6.3,
Mfiondu Kabengele,C,22,LAC,10,0,4.4,1.0,2.2,.455,0.6,1.2,.500,0.4,1.0,.400,.591,0.3,0.3,1.000,0.1,0.7,0.8,0.1,0.1,0.1,0.1,0.6,2.9,
Frank Kaminsky,C,26,PHO,32,13,22.4,4.0,8.7,.455,1.2,3.5,.348,2.8,5.2,.527,.525,1.8,2.8,.670,0.9,4.0,4.9,2.2,0.4,0.3,1.0,2.2,11.0,
Enes Kanter,C,27,BOS,36,4,18.5,4.1,6.8,.602,0.0,0.1,.200,4.1,6.7,.610,.604,1.3,1.8,.682,3.0,5.2,8.2,1.1,0.4,0.9,1.1,1.9,9.5,
Luke Kennard,SG,23,DET,28,25,32.9,5.4,12.2,.442,2.6,6.5,.399,2.8,5.7,.491,.548,2.4,2.7,.893,0.3,3.2,3.5,4.1,0.4,0.2,1.5,2.3,15.8,
Stanton Kidd,SF,27,UTA,4,0,3.8,0.0,0.8,.000,0.0,0.3,.000,0.0,0.5,.000,.000,0.0,0.0,,0.0,0.8,0.8,0.3,0.0,0.0,0.5,0.8,0.0,
Michael Kidd-Gilchrist,PF,26,CHO,12,0,13.3,1.5,4.4,.340,0.4,1.4,.294,1.1,3.0,.361,.387,0.6,0.8,.778,0.8,2.2,2.9,0.8,0.0,0.3,0.6,1.5,4.0,
Louis King,SF,20,DET,5,0,2.6,0.6,1.4,.429,0.2,0.6,.333,0.4,0.8,.500,.500,0.0,0.0,,0.2,0.4,0.6,0.2,0.2,0.0,0.2,0.6,1.4,
Maxi Kleber,C,28,DAL,42,10,25.2,3.1,6.6,.466,1.6,4.2,.394,1.5,2.5,.587,.590,1.2,1.4,.881,1.5,3.9,5.4,1.0,0.3,0.9,0.8,2.3,9.1,
Brandon Knight,PG,28,CLE,16,0,15.1,1.8,5.4,.326,1.2,4.0,.297,0.6,1.4,.409,.436,0.3,0.8,.308,0.2,1.1,1.3,1.9,0.3,0.1,1.0,1.3,4.9,
Kevin Knox,SF,20,NYK,44,4,19.1,2.5,6.6,.377,1.2,3.4,.338,1.3,3.2,.418,.464,1.2,1.9,.651,0.4,2.8,3.2,1.0,0.5,0.4,0.7,1.6,7.4,
John Konchar,SG,23,MEM,2,0,4.0,0.0,0.0,,0.0,0.0,,0.0,0.0,,,0.0,0.0,,0.0,0.5,0.5,0.0,0.0,0.0,0.0,0.0,0.0,
Furkan Korkmaz,SG,22,PHI,45,11,20.7,3.2,7.4,.436,1.8,4.6,.395,1.4,2.9,.500,.557,0.6,0.9,.690,0.2,2.0,2.2,0.8,0.5,0.2,0.6,1.4,8.9,
Luke Kornet,C,24,CHI,26,4,12.6,1.7,4.2,.391,0.8,2.7,.282,0.9,1.5,.590,.482,0.5,0.6,.813,0.4,1.5,1.9,0.8,0.3,0.8,0.3,1.2,4.6,
Kyle Korver,SF,38,MIL,39,0,16.7,2.1,4.9,.432,1.7,3.8,.433,0.4,1.0,.425,.603,0.6,0.7,.846,0.2,1.7,1.9,1.2,0.5,0.2,0.8,1.2,6.4,
Rodions Kurucs,PF,21,BRK,27,4,13.3,1.6,3.4,.467,0.7,1.5,.439,0.9,1.9,.490,.565,0.4,0.7,.600,0.5,2.0,2.5,0.9,0.4,0.1,1.0,1.9,4.3,
Kyle Kuzma,PF,24,LAL,35,6,24.8,4.8,11.3,.429,1.6,4.8,.335,3.2,6.5,.498,.500,1.8,2.5,.736,0.8,3.2,4.0,1.0,0.3,0.4,1.5,1.8,13.1,
Skal Labissière,C,23,POR,33,1,17.2,2.5,4.5,.551,0.1,0.4,.231,2.4,4.1,.582,.561,0.8,1.0,.758,2.0,3.2,5.1,1.3,0.2,0.9,0.9,2.7,5.8,
Jeremy Lamb,SG,27,IND,34,34,28.7,4.7,10.8,.436,1.1,3.6,.306,3.6,7.1,.502,.488,2.1,2.4,.864,0.6,4.1,4.7,2.3,1.2,0.5,1.2,2.2,12.6,
Romeo Langford,SG,20,BOS,12,0,9.2,0.8,1.8,.455,0.2,0.8,.222,0.7,1.1,.615,.500,0.6,0.7,.875,0.4,0.5,0.9,0.2,0.3,0.2,0.2,0.6,2.4,
Zach LaVine,SG,24,CHI,46,46,34.1,8.6,19.4,.445,3.1,7.9,.390,5.6,11.5,.482,.524,4.7,5.6,.826,0.7,4.0,4.7,3.8,1.4,0.5,3.2,2.2,25.0,
Jake Layman,PF,25,MIN,14,2,26.4,4.4,9.4,.462,1.4,3.9,.352,3.0,5.6,.538,.534,0.4,0.7,.600,0.9,2.1,2.9,0.8,0.9,0.7,1.3,2.2,10.5,
T.J. Leaf,PF,22,IND,22,1,8.2,1.3,3.0,.424,0.2,0.6,.357,1.0,2.4,.442,.462,0.3,0.5,.600,0.9,1.8,2.7,0.3,0.3,0.1,0.3,0.8,3.0,
Jalen Lecque,PG,19,PHO,1,0,2.0,0.0,1.0,.000,0.0,0.0,,0.0,1.0,.000,.000,0.0,0.0,,0.0,0.0,0.0,0.0,0.0,0.0,0.0,0.0,0.0,
Courtney Lee,SG,34,DAL,10,3,8.0,1.3,2.3,.565,0.7,1.2,.583,0.6,1.1,.545,.717,0.0,0.0,,0.0,0.5,0.5,0.3,0.0,0.2,0.2,0.6,3.3,
Damion Lee,SG,27,GSW,30,17,27.7,4.1,10.1,.404,1.3,3.8,.339,2.8,6.2,.444,.469,2.6,3.0,.876,0.9,4.4,5.3,2.5,0.9,0.1,1.5,2.1,12.0,
Alex Len,C,26,ATL,39,9,18.7,3.6,6.6,.553,0.4,1.4,.250,3.3,5.2,.637,.580,1.3,2.1,.630,1.7,4.1,5.8,1.1,0.5,0.8,1.0,2.4,8.9,
Kawhi Leonard,SF,28,LAC,34,34,32.2,9.6,20.6,.466,1.9,5.4,.355,7.7,15.2,.505,.512,6.1,6.8,.888,1.1,6.3,7.4,5.0,2.0,0.6,3.2,2.0,27.1,
Meyers Leonard,PF,27,MIA,44,44,20.1,2.3,4.4,.523,1.0,2.4,.433,1.3,2.1,.626,.638,0.4,0.5,.696,0.6,4.4,4.9,1.2,0.3,0.3,0.7,2.1,6.0,
Caris LeVert,SG,25,BRK,17,9,27.7,5.7,14.4,.398,1.4,3.9,.358,4.3,10.4,.412,.447,2.1,3.3,.625,1.0,3.1,4.1,3.5,0.6,0.1,2.9,1.8,14.9,
Damian Lillard,PG,29,POR,43,43,36.9,8.7,19.5,.446,3.6,9.7,.368,5.1,9.8,.524,.538,6.9,7.8,.886,0.5,3.7,4.1,7.6,1.0,0.3,2.8,1.8,27.9,
Nassir Little,PF,19,POR,34,5,12.4,1.2,3.2,.389,0.2,1.2,.195,1.0,2.0,.507,.426,0.6,1.0,.636,0.7,1.9,2.6,0.5,0.3,0.4,0.4,1.5,3.3,
Kevon Looney,C,23,GSW,10,3,10.5,1.1,3.2,.344,0.1,0.2,.500,1.0,3.0,.333,.359,0.3,0.5,.600,1.5,1.4,2.9,0.4,0.3,0.2,0.6,1.7,2.6,
Brook Lopez,C,31,MIL,43,43,26.3,3.7,8.9,.412,1.4,4.7,.296,2.3,4.1,.545,.491,1.4,1.7,.859,0.6,4.1,4.7,1.6,0.7,2.6,0.9,2.2,10.1,
Robin Lopez,C,31,MIL,42,2,14.3,2.3,4.6,.510,0.4,1.5,.270,1.9,3.1,.628,.555,0.5,0.9,.513,1.0,1.8,2.7,0.7,0.1,0.7,0.9,1.3,5.5,
Kevin Love,PF,31,CLE,37,37,31.3,5.7,12.6,.451,2.4,6.4,.367,3.4,6.2,.537,.544,3.5,4.2,.844,0.9,9.3,10.1,2.9,0.6,0.4,2.7,1.6,17.3,
Kyle Lowry,PG,33,TOR,33,33,37.1,6.0,14.7,.408,3.0,8.5,.348,3.0,6.2,.493,.509,5.0,5.9,.851,0.6,3.9,4.5,7.5,1.2,0.4,2.9,3.1,20.0,
Timothé Luwawu-Cabarrot,SG,24,BRK,20,0,17.1,1.8,4.2,.429,0.9,2.2,.395,1.0,2.1,.463,.530,0.9,1.2,.739,0.5,1.9,2.4,0.7,0.5,0.1,1.0,2.0,5.3,
Trey Lyles,PF,24,SAS,43,33,17.4,1.8,4.4,.413,0.7,2.2,.330,1.1,2.2,.495,.495,0.3,0.5,.682,1.2,4.6,5.8,1.2,0.3,0.3,0.6,1.4,4.7,
Daryl Macon,SG,24,MIA,4,0,3.5,0.3,0.8,.333,0.3,0.5,.500,0.0,0.3,.000,.500,0.0,0.0,,0.0,0.0,0.0,0.3,0.0,0.0,0.5,0.3,0.8,
Josh Magette,PG,30,ORL,8,0,4.8,0.6,1.9,.333,0.1,0.5,.250,0.5,1.4,.364,.367,0.1,0.3,.500,0.1,0.6,0.8,0.6,0.4,0.1,0.6,0.5,1.5,
Ian Mahinmi,C,33,WAS,23,20,22.6,3.1,6.0,.514,0.2,0.8,.278,2.9,5.2,.550,.533,2.0,3.4,.603,2.3,3.7,6.1,1.5,0.9,1.5,1.4,3.1,8.4,
Thon Maker,C,22,DET,42,4,11.1,1.2,2.3,.510,0.3,0.7,.355,0.9,1.6,.582,.566,1.2,1.9,.654,0.7,1.5,2.2,0.4,0.3,0.6,0.7,1.5,3.9,
Terance Mann,SG,23,LAC,28,6,8.4,0.8,1.7,.438,0.1,0.4,.200,0.7,1.4,.500,.458,0.3,0.4,.750,0.1,0.8,1.0,1.1,0.2,0.2,0.5,1.0,1.9,
Boban Marjanović,C,31,DAL,22,1,10.2,2.7,4.8,.562,0.1,0.3,.286,2.6,4.5,.582,.571,1.0,1.4,.700,1.4,3.2,4.6,0.4,0.2,0.2,0.8,1.6,6.4,
Lauri Markkanen,PF,22,CHI,46,46,30.3,5.1,12.0,.424,2.2,6.4,.344,2.9,5.6,.516,.515,2.7,3.2,.826,1.2,5.2,6.5,1.5,0.8,0.5,1.7,2.0,15.0,
Caleb Martin,SF,24,CHO,5,0,6.4,0.6,2.0,.300,0.0,0.6,.000,0.6,1.4,.429,.300,0.6,1.0,.600,0.2,0.8,1.0,0.6,0.2,0.4,0.6,0.6,1.8,
Cody Martin,SF,24,CHO,32,0,14.3,1.3,3.3,.393,0.3,1.3,.195,1.1,2.1,.515,.430,0.9,1.3,.690,0.6,1.8,2.4,1.2,0.7,0.2,0.6,1.4,3.8,
Kelan Martin,SF,24,MIN,17,3,17.4,2.3,6.4,.358,0.9,3.4,.263,1.4,3.1,.462,.427,0.3,0.3,1.000,0.3,3.1,3.4,0.5,0.2,0.3,0.4,1.9,5.8,
Frank Mason,PG,25,MIL,4,0,4.5,0.3,1.8,.143,0.3,1.0,.250,0.0,0.8,.000,.214,0.5,1.0,.500,0.3,0.3,0.5,1.3,0.3,0.0,0.3,0.5,1.3,
Garrison Mathews,SG,23,WAS,15,0,13.1,1.5,3.3,.460,1.2,2.8,.429,0.3,0.5,.625,.640,1.9,2.1,.906,0.4,1.1,1.5,0.7,0.2,0.1,0.5,1.7,6.2,
Wesley Matthews,SG,33,MIL,42,42,24.3,2.5,6.2,.405,1.5,4.2,.367,1.0,2.0,.488,.531,0.8,1.1,.756,0.2,2.2,2.5,1.4,0.7,0.1,0.7,1.5,7.4,
Patrick McCaw,SF,24,TOR,23,11,25.4,2.2,5.0,.440,0.7,2.1,.333,1.5,3.0,.515,.509,0.3,0.4,.778,0.5,1.7,2.1,2.5,1.2,0.2,1.0,1.7,5.4,
CJ McCollum,SG,28,POR,42,42,35.6,8.5,18.9,.453,2.6,6.9,.378,6.0,12.0,.495,.521,1.8,2.3,.789,0.7,3.4,4.0,3.8,0.8,0.7,1.7,2.5,21.5,
T.J. McConnell,PG,27,IND,43,1,19.1,3.1,5.9,.524,0.1,0.3,.364,3.0,5.7,.531,.531,0.5,0.6,.778,0.5,2.2,2.7,5.4,0.7,0.2,1.4,1.0,6.8,
Jalen McDaniels,PF,22,CHO,2,0,3.5,1.0,2.5,.400,0.0,0.5,.000,1.0,2.0,.500,.400,0.0,0.0,,0.5,0.0,0.5,0.0,0.0,0.0,0.0,0.0,2.0,
Doug McDermott,PF,28,IND,45,0,20.9,3.8,8.0,.475,1.8,4.2,.441,1.9,3.8,.512,.591,0.6,0.8,.794,0.5,2.2,2.7,1.1,0.1,0.1,0.6,1.8,10.0,
JaVale McGee,C,32,LAL,44,44,17.0,3.2,5.0,.647,0.1,0.1,.600,3.1,4.8,.648,.654,0.8,1.3,.621,2.0,3.9,5.9,0.7,0.5,1.7,0.8,2.4,7.3,
Rodney McGruder,SG,28,LAC,33,3,17.4,1.4,3.7,.388,0.5,2.0,.273,0.9,1.7,.527,.463,0.3,0.6,.500,0.7,2.3,3.0,0.7,0.5,0.2,0.4,1.7,3.7,
Alfonzo McKinnie,SF,27,CLE,29,1,13.1,1.5,3.6,.413,0.3,1.4,.220,1.2,2.2,.540,.457,0.4,0.6,.706,0.8,1.9,2.7,0.3,0.5,0.2,0.6,1.6,3.7,
Jordan McLaughlin,PG,23,MIN,10,0,16.2,1.7,5.0,.340,0.8,2.6,.308,0.9,2.4,.375,.420,0.6,0.8,.750,0.2,1.6,1.8,3.0,0.8,0.0,0.6,0.9,4.8,
Ben McLemore,SG,26,HOU,43,14,23.9,3.3,8.0,.421,2.5,6.7,.370,0.9,1.2,.698,.577,0.8,1.0,.800,0.4,2.0,2.4,0.9,0.7,0.2,0.9,2.1,10.0,
Jordan McRae,SG,28,WAS,27,4,22.9,4.7,11.1,.425,1.5,3.7,.400,3.2,7.4,.437,.492,2.2,2.9,.779,0.6,3.0,3.6,2.9,0.7,0.5,1.3,2.1,13.1,
Nicolò Melli,C,29,NOP,34,5,15.1,1.9,4.4,.436,0.9,2.7,.333,1.0,1.6,.607,.540,0.9,1.1,.811,0.5,1.9,2.4,1.0,0.6,0.2,0.8,1.8,5.6,
De'Anthony Melton,PG,21,MEM,33,0,17.7,2.8,6.1,.460,0.5,1.8,.300,2.3,4.3,.528,.505,1.7,2.0,.862,0.7,3.1,3.8,3.0,1.3,0.4,1.5,1.8,7.9,
Chimezie Metu,PF,22,SAS,11,0,3.7,1.2,2.0,.591,0.0,0.0,,1.2,2.0,.591,.591,0.4,0.5,.667,0.7,0.8,1.5,0.3,0.1,0.3,0.1,0.1,2.7,
Khris Middleton,SF,28,MIL,38,35,28.4,7.2,14.4,.500,2.2,5.2,.421,5.0,9.2,.544,.576,2.9,3.3,.889,0.8,4.9,5.7,3.9,1.0,0.2,2.0,2.2,19.5,
C.J. Miles,SG,32,WAS,10,0,16.1,1.9,5.9,.322,1.1,3.5,.314,0.8,2.4,.333,.415,1.5,2.0,.750,0.4,0.8,1.2,1.2,1.0,0.4,0.4,1.4,6.4,
Malcolm Miller,SF,26,TOR,21,1,5.5,0.3,1.0,.350,0.2,0.7,.333,0.1,0.2,.400,.475,0.0,0.3,.167,0.0,0.6,0.7,0.4,0.2,0.1,0.1,0.5,1.0,
Patty Mills,PG,31,SAS,43,1,23.2,4.0,9.1,.438,2.3,5.8,.396,1.7,3.3,.514,.565,1.3,1.7,.803,0.3,1.3,1.6,2.0,0.8,0.1,0.9,1.4,11.6,
Paul Millsap,PF,34,DEN,32,32,24.9,4.1,8.8,.468,1.0,2.3,.413,3.2,6.5,.488,.523,2.7,3.0,.885,2.0,3.8,5.8,1.4,0.9,0.7,1.3,2.8,11.9,
Shake Milton,SG,23,PHI,13,0,9.5,1.5,4.0,.365,0.6,2.2,.286,0.8,1.8,.458,.442,0.8,1.0,.769,0.2,1.2,1.5,0.8,0.1,0.1,1.1,1.5,4.3,
Donovan Mitchell,SG,23,UTA,43,43,34.3,9.1,19.8,.462,2.3,6.4,.365,6.8,13.3,.510,.522,4.0,4.7,.856,0.8,3.5,4.2,4.2,1.1,0.3,2.4,2.3,24.7,
Naz Mitrou-Long,SG,26,IND,3,0,14.3,2.0,5.3,.375,0.7,3.7,.182,1.3,1.7,.800,.438,0.0,0.0,,0.0,2.0,2.0,2.3,0.3,0.3,0.7,0.3,4.7,
Adam Mokoka,SG,21,CHI,2,0,3.0,0.0,2.5,.000,0.0,1.0,.000,0.0,1.5,.000,.000,0.0,0.0,,1.0,0.0,1.0,0.0,0.0,0.0,0.0,0.0,0.0,
Malik Monk,SG,21,CHO,43,0,19.3,3.3,7.6,.429,0.9,3.4,.252,2.4,4.2,.575,.486,1.1,1.4,.780,0.4,2.2,2.6,2.0,0.4,0.2,1.2,1.3,8.4,
Matt Mooney,SG,22,CLE,1,0,3.0,1.0,2.0,.500,0.0,1.0,.000,1.0,1.0,1.000,.500,0.0,0.0,,0.0,1.0,1.0,1.0,0.0,1.0,0.0,0.0,2.0,
E'Twaun Moore,SG,30,NOP,33,5,21.2,4.0,9.5,.422,1.5,3.8,.387,2.6,5.8,.445,.498,0.6,1.0,.618,0.7,2.3,3.0,1.8,0.6,0.2,0.8,1.6,10.2,
Ja Morant,PG,20,MEM,38,38,29.8,6.6,13.5,.487,0.9,2.2,.400,5.7,11.3,.505,.520,3.4,4.2,.807,0.6,2.8,3.4,7.0,1.0,0.3,3.3,1.7,17.5,
Juwan Morgan,PF,22,UTA,10,0,4.2,0.3,0.6,.500,0.1,0.4,.250,0.2,0.2,1.000,.583,0.0,0.0,,0.1,0.6,0.7,0.1,0.0,0.1,0.2,0.3,0.7,
Marcus Morris,SF,30,NYK,37,37,32.0,6.3,14.3,.440,2.7,5.9,.457,3.6,8.4,.428,.534,3.8,4.6,.822,1.1,4.4,5.4,1.5,0.8,0.4,1.6,2.9,19.1,
Markieff Morris,PF,30,DET,37,16,22.1,4.0,8.8,.456,1.8,4.3,.411,2.3,4.6,.497,.555,1.4,1.8,.773,0.5,3.4,3.9,1.5,0.6,0.2,1.6,2.3,11.2,
Monte Morris,PG,24,DEN,44,4,19.1,3.0,6.9,.438,0.7,1.8,.390,2.3,5.2,.454,.487,0.8,1.0,.810,0.3,1.3,1.6,3.5,0.7,0.2,0.6,0.8,7.5,
Johnathan Motley,PF,24,LAC,7,0,2.4,0.4,0.7,.600,0.1,0.1,1.000,0.3,0.6,.500,.700,0.3,0.3,1.000,0.1,0.1,0.3,0.7,0.4,0.0,0.6,0.7,1.3,
Emmanuel Mudiay,PG,23,UTA,41,1,16.5,3.0,6.2,.480,0.6,1.7,.353,2.4,4.6,.527,.527,1.0,1.3,.727,0.3,2.1,2.5,2.4,0.4,0.2,1.4,1.4,7.6,
Dejounte Murray,PG,23,SAS,39,31,24.1,4.2,8.6,.490,0.5,1.4,.358,3.7,7.2,.514,.518,1.3,1.7,.785,1.2,4.6,5.8,4.0,1.7,0.3,2.1,2.3,10.2,
Jamal Murray,PG,22,DEN,40,40,32.0,6.5,15.0,.435,1.6,5.0,.322,4.9,10.0,.491,.488,3.0,3.3,.916,0.8,3.3,4.1,4.6,1.4,0.3,2.1,1.7,17.6,
Džanan Musa,SF,20,BRK,30,0,12.8,1.5,4.4,.344,0.5,2.1,.222,1.0,2.3,.456,.397,1.1,1.5,.750,0.6,1.5,2.1,1.0,0.4,0.0,0.9,0.8,4.6,
Mike Muscala,C,28,OKC,31,0,12.8,1.5,4.0,.360,0.9,3.0,.312,0.5,1.0,.500,.476,0.5,0.6,.800,0.4,2.0,2.4,0.9,0.2,0.3,0.4,1.3,4.4,
Sviatoslav Mykhailiuk,SF,22,DET,40,13,21.1,2.8,6.4,.435,2.0,4.6,.438,0.8,1.8,.429,.594,0.8,1.0,.842,0.3,1.3,1.6,1.6,0.6,0.1,1.0,1.5,8.4,
Abdel Nader,SF,26,OKC,32,5,16.3,2.2,4.7,.470,0.9,2.4,.364,1.3,2.3,.581,.563,0.9,1.1,.800,0.3,1.3,1.6,0.8,0.3,0.3,0.9,1.3,6.2,
Larry Nance,C,27,CLE,35,5,24.3,3.2,6.2,.509,0.9,2.7,.340,2.3,3.5,.637,.583,0.8,1.3,.600,1.7,5.2,6.9,1.6,0.9,0.4,1.0,1.6,8.0,
Shabazz Napier,PG,28,MIN,31,17,22.7,3.1,7.8,.391,1.3,4.4,.285,1.8,3.4,.528,.471,2.0,2.4,.836,0.3,2.4,2.7,4.6,1.0,0.2,2.0,1.6,9.4,
Raul Neto,PG,27,PHI,37,2,10.8,1.5,3.4,.460,0.5,1.3,.404,1.0,2.1,.494,.536,0.3,0.3,.833,0.1,0.8,1.0,1.5,0.5,0.1,0.8,0.7,3.9,
Georges Niang,PF,26,UTA,38,0,13.7,2.1,4.4,.473,1.4,3.1,.448,0.7,1.4,.528,.627,0.3,0.4,.786,0.2,1.6,1.9,0.6,0.2,0.1,0.4,1.2,5.9,
Nerlens Noel,C,25,OKC,37,5,18.8,3.2,4.8,.670,0.0,0.1,.500,3.2,4.7,.672,.673,1.7,2.1,.808,1.6,3.6,5.2,1.2,1.1,1.6,1.0,2.5,8.1,
Zach Norvell,SG,22,LAL,2,0,2.5,0.0,0.5,.000,0.0,0.0,,0.0,0.5,.000,.000,0.0,0.0,,0.0,0.5,0.5,0.0,0.0,0.0,0.0,0.0,0.0,
Jaylen Nowell,SG,20,MIN,7,0,11.6,1.6,4.4,.355,0.3,2.4,.118,1.3,2.0,.643,.387,1.0,1.1,.875,0.3,0.4,0.7,0.9,0.0,0.1,0.4,0.4,4.4,
Frank Ntilikina,PG,21,NYK,41,24,21.6,2.2,5.9,.371,0.8,2.4,.313,1.4,3.4,.411,.435,0.9,1.0,.875,0.4,1.8,2.2,3.1,1.0,0.4,1.3,2.6,6.0,
Kendrick Nunn,SG,24,MIA,44,44,30.6,6.4,13.9,.461,2.0,5.8,.356,4.4,8.2,.535,.534,1.3,1.6,.831,0.3,2.5,2.8,3.5,0.9,0.2,1.8,2.3,16.2,
David Nwaba,SF,27,BRK,20,0,13.4,1.9,3.6,.521,0.6,1.4,.429,1.3,2.2,.581,.606,0.9,1.4,.667,0.4,1.9,2.3,0.4,0.6,0.6,0.4,1.6,5.2,
Royce O'Neale,PF,26,UTA,44,41,29.5,2.2,4.8,.469,1.3,2.9,.430,1.0,1.8,.531,.600,0.5,0.5,.833,0.3,4.8,5.1,2.6,0.8,0.3,0.8,3.0,6.2,
Kyle O'Quinn,C,29,PHI,21,1,10.3,1.4,2.9,.492,0.3,1.0,.333,1.1,1.9,.575,.549,0.1,0.4,.375,1.1,2.6,3.7,1.5,0.2,0.8,0.9,1.4,3.3,
Semi Ojeleye,PF,25,BOS,41,4,14.3,0.9,2.4,.388,0.6,1.5,.377,0.4,0.9,.405,.505,0.3,0.4,.813,0.4,1.3,1.7,0.5,0.3,0.1,0.2,1.1,2.7,
Jahlil Okafor,C,24,NOP,24,9,16.6,3.5,5.7,.610,0.0,0.1,.500,3.4,5.6,.612,.614,1.5,2.4,.649,1.8,2.8,4.6,1.5,0.2,0.8,1.5,2.5,8.5,
Elie Okobo,PG,22,PHO,35,2,12.3,1.5,3.7,.397,0.5,1.5,.365,0.9,2.3,.418,.469,1.1,1.7,.678,0.3,1.1,1.5,2.1,0.5,0.1,0.4,0.9,4.7,
Josh Okogie,SG,21,MIN,42,12,23.9,2.5,6.2,.401,0.7,2.6,.266,1.8,3.6,.497,.456,2.2,2.8,.765,1.3,3.2,4.5,1.5,1.1,0.5,1.5,2.2,7.9,
KZ Okpala,SF,20,MIA,3,0,1.0,0.0,0.0,,0.0,0.0,,0.0,0.0,,,0.0,0.0,,0.0,0.3,0.3,0.0,0.0,0.0,0.3,0.0,0.0,
Kelly Olynyk,C,28,MIA,40,0,19.4,2.5,5.4,.461,1.3,3.2,.409,1.2,2.3,.533,.581,1.2,1.4,.875,0.8,3.8,4.5,1.3,0.7,0.3,1.1,2.5,7.5,
Miye Oni,SG,22,UTA,3,0,2.7,0.0,0.0,,0.0,0.0,,0.0,0.0,,,0.0,0.0,,0.0,0.3,0.3,0.0,0.0,0.0,0.3,0.0,0.0,
Cedi Osman,SF,24,CLE,44,44,29.3,4.1,9.2,.447,1.9,4.8,.403,2.2,4.4,.495,.552,0.9,1.4,.656,0.5,2.9,3.4,2.1,0.8,0.3,1.4,2.3,11.0,
Kelly Oubre,SF,24,PHO,42,42,34.0,6.5,14.2,.456,1.8,5.2,.342,4.7,9.0,.521,.518,3.5,4.4,.780,1.2,5.3,6.4,1.5,1.4,0.8,1.6,3.4,18.2,
Jabari Parker,PF,24,ATL,32,23,26.2,6.2,12.3,.504,1.0,3.6,.270,5.2,8.7,.601,.543,1.7,2.3,.736,1.7,4.3,6.0,1.8,1.3,0.5,1.9,2.9,15.0,
Chandler Parsons,SF,31,ATL,5,0,10.8,1.0,3.6,.278,0.8,2.8,.286,0.2,0.8,.250,.389,0.0,0.0,,0.2,1.2,1.4,0.6,0.8,0.2,0.6,0.6,2.8,
Eric Paschall,PF,23,GSW,41,22,27.4,5.4,10.9,.494,0.6,2.1,.295,4.7,8.7,.543,.524,2.6,3.3,.781,1.4,3.3,4.8,1.8,0.6,0.2,1.4,2.0,14.0,
Anžejs Pasečņiks,C,24,WAS,16,0,20.6,3.1,5.9,.526,0.0,0.1,.000,3.1,5.9,.532,.526,1.8,2.9,.609,2.2,3.4,5.6,1.0,0.5,0.4,1.3,3.2,8.0,
Patrick Patterson,PF,30,LAC,40,16,13.1,1.6,4.2,.386,1.1,3.1,.360,0.5,1.0,.463,.521,0.5,0.7,.731,0.7,2.1,2.7,0.7,0.2,0.1,0.3,0.8,4.8,
Justin Patton,C,22,OKC,5,0,4.8,0.8,2.0,.400,0.2,0.8,.250,0.6,1.2,.500,.450,0.0,0.0,,0.2,0.8,1.0,0.4,0.0,0.0,0.4,0.8,1.8,
Chris Paul,PG,34,OKC,45,45,31.8,5.9,12.3,.479,1.6,4.5,.366,4.3,7.8,.544,.546,3.6,4.0,.894,0.3,4.7,5.0,6.4,1.6,0.1,2.0,2.4,17.0,
Elfrid Payton,PG,25,NYK,27,18,25.7,3.8,9.1,.416,0.4,1.7,.222,3.4,7.4,.460,.437,0.6,1.2,.500,1.1,3.1,4.2,6.0,1.4,0.4,2.0,1.9,8.5,
Gary Payton,PG,27,WAS,15,12,21.3,2.5,5.7,.442,0.6,2.0,.300,1.9,3.7,.518,.494,0.3,0.5,.571,1.2,2.6,3.8,2.5,1.9,0.4,1.1,2.1,5.9,
Norvel Pelle,C,26,PHI,14,0,11.1,1.1,1.9,.556,0.0,0.0,,1.1,1.9,.556,.556,0.4,0.7,.500,0.9,2.8,3.6,0.5,0.1,1.5,0.8,2.2,2.5,
Theo Pinson,SG,24,BRK,25,0,13.0,1.7,5.8,.290,0.6,3.0,.189,1.1,2.8,.394,.338,0.6,0.6,.938,0.4,1.4,1.8,1.9,0.6,0.1,1.3,1.2,4.5,
Mason Plumlee,C,29,DEN,43,1,17.4,3.0,4.9,.605,0.0,0.1,.000,3.0,4.8,.617,.605,1.5,2.7,.553,1.8,3.7,5.6,2.4,0.5,0.6,1.5,2.2,7.4,
Vincent Poirier,C,26,BOS,13,0,5.2,0.8,1.8,.435,0.1,0.2,.500,0.7,1.6,.429,.457,0.2,0.3,.750,0.6,1.1,1.7,0.3,0.2,0.3,0.3,1.2,1.8,
Jakob Pöltl,C,24,SAS,43,7,17.3,2.2,3.6,.603,0.0,0.0,,2.2,3.6,.603,.603,0.6,1.1,.542,1.8,3.7,5.5,1.9,0.5,1.5,0.8,1.7,5.0,
Shamorie Ponds,PG,21,TOR,4,0,2.8,0.8,1.3,.600,0.3,0.5,.500,0.5,0.8,.667,.700,0.5,0.5,1.000,0.0,0.3,0.3,0.5,0.0,0.3,0.0,0.5,2.3,
Jordan Poole,SG,20,GSW,39,9,21.6,2.4,8.6,.278,1.2,4.6,.265,1.2,3.9,.292,.349,1.6,1.9,.803,0.1,1.8,2.0,1.9,0.6,0.2,0.9,1.5,7.6,
Kevin Porter,SF,19,CLE,34,2,21.8,3.3,7.4,.439,0.8,2.7,.297,2.5,4.8,.519,.492,1.2,1.6,.727,0.4,2.9,3.3,1.9,0.9,0.2,1.7,2.6,8.5,
Michael Porter,PF,21,DEN,34,1,12.8,2.9,5.3,.539,0.8,1.9,.406,2.1,3.4,.612,.611,0.7,0.9,.774,0.9,2.8,3.7,0.7,0.3,0.4,0.7,1.7,7.2,
Otto Porter,SF,26,CHI,9,9,25.1,3.9,9.3,.417,1.8,4.4,.400,2.1,4.9,.432,.512,1.7,2.2,.750,0.9,2.6,3.4,1.6,1.0,0.3,0.8,2.2,11.2,
Bobby Portis,C,24,NYK,45,4,21.0,3.8,8.8,.432,1.1,2.9,.364,2.8,5.9,.466,.492,1.1,1.4,.738,1.5,4.1,5.6,1.6,0.5,0.2,1.0,1.8,9.8,
Kristaps Porziņģis,PF,24,DAL,32,32,31.1,6.1,15.3,.397,2.2,6.4,.335,3.9,8.8,.442,.467,2.8,3.8,.727,1.8,7.6,9.4,1.4,0.6,2.1,1.7,3.1,17.0,
Dwight Powell,C,28,DAL,40,37,26.5,3.7,5.7,.638,0.3,1.0,.256,3.4,4.8,.716,.659,1.9,2.8,.667,1.9,3.8,5.7,1.5,0.9,0.6,0.9,2.6,9.4,
Norman Powell,SG,26,TOR,33,17,28.7,5.7,11.1,.514,2.1,5.2,.412,3.6,5.9,.602,.609,2.4,2.8,.848,0.5,3.4,3.9,1.7,1.2,0.4,1.5,2.0,15.9,
Julius Randle,PF,25,NYK,43,43,32.1,7.0,15.5,.448,1.2,4.2,.289,5.7,11.3,.506,.487,3.7,5.2,.711,2.2,7.0,9.2,3.3,0.8,0.2,2.9,2.8,18.8,
Josh Reaves,SG,22,DAL,2,0,0.5,0.0,0.5,.000,0.0,0.0,,0.0,0.5,.000,.000,0.0,0.0,,0.0,0.0,0.0,0.0,0.0,0.0,0.0,0.0,0.0,
Cam Reddish,SF,20,ATL,41,29,26.3,3.0,9.0,.335,1.1,3.9,.292,1.9,5.0,.369,.399,1.5,2.0,.788,0.6,3.2,3.8,1.6,1.1,0.4,1.7,2.1,8.7,
J.J. Redick,SG,35,NOP,40,35,28.2,4.8,10.7,.450,3.1,6.7,.459,1.8,4.0,.435,.593,2.8,3.1,.895,0.2,2.6,2.8,1.9,0.3,0.2,1.1,1.5,15.5,
Naz Reid,C,20,MIN,12,0,12.3,2.9,7.3,.398,1.3,4.1,.306,1.7,3.3,.513,.483,0.8,1.2,.643,0.8,1.8,2.5,0.9,0.3,0.5,0.7,2.3,7.8,
Josh Richardson,SG,26,PHI,38,38,31.5,5.5,12.6,.436,1.6,4.8,.333,3.9,7.8,.500,.500,2.4,2.9,.818,0.8,2.5,3.3,3.4,1.0,0.6,2.1,2.7,15.0,
Austin Rivers,SG,27,HOU,39,3,22.8,2.8,6.9,.405,1.2,3.7,.315,1.6,3.2,.512,.491,1.0,1.4,.709,0.5,1.9,2.4,1.6,0.6,0.2,0.7,1.9,7.8,
Duncan Robinson,SF,25,MIA,44,39,27.9,4.0,8.7,.457,3.3,7.6,.429,0.7,1.1,.640,.644,0.6,0.7,.903,0.2,3.0,3.2,1.0,0.5,0.3,0.7,2.8,11.8,
Glenn Robinson,SF,26,GSW,43,43,31.6,4.9,10.5,.464,1.3,3.4,.393,3.5,7.1,.498,.528,1.2,1.4,.850,1.4,3.3,4.8,1.6,0.9,0.3,1.0,1.8,12.2,
Jerome Robinson,SG,22,LAC,37,0,12.1,1.2,3.5,.341,0.5,1.7,.297,0.7,1.8,.385,.415,0.3,0.5,.588,0.1,1.5,1.6,1.2,0.3,0.2,0.6,1.4,3.2,
Justin Robinson,PG,22,WAS,9,0,5.4,0.6,1.3,.417,0.3,0.6,.600,0.2,0.8,.286,.542,0.0,0.0,,0.1,0.4,0.6,0.8,0.0,0.1,0.3,0.2,1.4,
Mitchell Robinson,C,21,NYK,41,7,22.8,4.0,5.6,.706,0.0,0.0,,4.0,5.6,.706,.706,1.5,2.5,.612,2.8,4.0,6.8,0.5,0.9,1.8,0.7,3.3,9.5,
Rajon Rondo,PG,33,LAL,29,2,21.4,3.0,7.3,.415,1.0,2.7,.364,2.1,4.7,.444,.481,0.8,1.0,.759,0.5,3.1,3.7,5.3,0.9,0.1,2.0,1.1,7.8,
Derrick Rose,PG,31,DET,39,5,26.2,7.5,15.1,.497,0.9,3.0,.310,6.6,12.1,.543,.528,2.5,2.9,.868,0.5,2.0,2.5,5.9,0.8,0.3,2.6,1.1,18.5,
Terrence Ross,SG,28,ORL,43,0,25.8,4.7,11.4,.409,2.3,6.7,.339,2.4,4.7,.507,.508,2.1,2.5,.843,0.2,2.7,2.9,1.0,1.1,0.3,1.0,1.6,13.7,
Terry Rozier,PG,25,CHO,45,45,34.1,6.3,15.0,.420,2.7,6.8,.395,3.6,8.3,.441,.509,2.6,3.1,.850,0.8,3.5,4.3,4.4,1.2,0.2,2.4,2.2,17.9,
Ricky Rubio,PG,29,PHO,37,37,32.2,4.8,11.6,.411,1.2,3.5,.336,3.6,8.1,.443,.462,2.5,3.1,.825,0.7,3.9,4.7,9.2,1.4,0.2,2.7,2.5,13.3,
D'Angelo Russell,SG,23,GSW,28,28,32.1,8.2,19.3,.425,3.4,9.5,.361,4.8,9.8,.487,.514,3.6,4.5,.787,0.4,3.2,3.6,6.4,0.9,0.3,3.1,2.1,23.4,
Domantas Sabonis,C,23,IND,42,42,34.1,7.2,13.5,.536,0.3,1.0,.256,7.0,12.4,.559,.546,3.2,4.5,.718,3.4,9.4,12.9,4.3,0.8,0.6,2.7,3.3,17.9,
JaKarr Sampson,SF,26,IND,15,8,13.7,2.1,3.4,.627,0.1,0.7,.200,2.0,2.7,.732,.647,0.1,0.5,.250,0.5,1.7,2.3,0.3,0.4,0.5,0.4,1.7,4.5,
Dario Šarić,PF,25,PHO,44,41,25.1,3.6,8.3,.436,1.3,4.0,.320,2.4,4.4,.542,.512,1.2,1.4,.855,1.5,4.8,6.3,1.9,0.6,0.3,1.3,2.2,9.8,
Tomáš Satoranský,PG,28,CHI,46,46,28.5,3.6,8.2,.437,1.0,3.1,.340,2.5,5.2,.494,.500,1.6,1.9,.872,1.0,2.6,3.6,5.3,1.3,0.1,2.0,2.0,9.8,
Admiral Schofield,SF,22,WAS,24,2,12.0,1.3,3.1,.405,0.6,1.9,.304,0.7,1.2,.571,.500,0.4,0.5,.750,0.3,1.1,1.4,0.6,0.3,0.1,0.3,1.7,3.5,
Dennis Schröder,PG,26,OKC,44,0,31.0,7.1,15.0,.474,2.0,5.3,.369,5.1,9.7,.532,.540,2.5,3.1,.815,0.3,3.5,3.8,3.9,0.6,0.2,2.7,2.2,18.6,
Mike Scott,PF,31,PHI,46,7,18.0,2.0,5.2,.392,1.2,3.4,.340,0.9,1.8,.494,.504,0.4,0.5,.870,0.8,2.5,3.4,0.6,0.3,0.1,0.3,1.3,5.6,
Thabo Sefolosha,PF,35,HOU,28,0,9.7,0.8,2.0,.375,0.4,1.3,.333,0.3,0.7,.450,.482,0.0,0.0,.000,0.5,1.8,2.2,0.6,0.4,0.2,0.3,0.9,1.9,
Collin Sexton,SG,21,CLE,44,44,31.7,7.4,16.3,.452,1.2,3.5,.340,6.2,12.9,.482,.488,3.2,3.8,.842,1.0,2.3,3.3,2.4,0.9,0.1,2.1,2.0,19.1,
Landry Shamet,SG,22,LAC,28,20,27.4,3.0,7.3,.415,2.1,5.5,.379,1.0,1.9,.519,.556,1.1,1.1,.938,0.1,2.1,2.2,1.5,0.4,0.2,0.8,3.1,9.2,
Iman Shumpert,SG,29,BRK,13,0,18.5,1.6,4.9,.328,0.6,2.5,.242,1.0,2.4,.419,.391,0.3,0.5,.571,0.7,1.9,2.6,0.9,0.9,0.2,0.8,1.6,4.2,
Pascal Siakam,PF,25,TOR,33,33,35.2,8.8,19.4,.454,2.2,5.9,.367,6.6,13.5,.492,.510,3.7,4.5,.812,1.2,6.5,7.7,3.5,1.0,1.0,2.5,2.8,23.5,
Chris Silva,PF,23,MIA,30,0,8.3,1.3,1.8,.691,0.0,0.1,.000,1.3,1.8,.717,.691,0.9,1.4,.683,1.5,1.5,3.1,0.5,0.2,0.5,1.0,2.2,3.5,
Ben Simmons,PG,23,PHI,44,44,36.1,6.5,11.3,.578,0.0,0.1,.400,6.5,11.2,.580,.580,2.9,4.8,.592,2.0,5.9,7.8,8.5,2.2,0.7,3.5,3.3,16.0,
Anfernee Simons,SG,20,POR,45,3,23.2,3.6,8.7,.407,1.1,3.6,.315,2.4,5.1,.472,.472,1.2,1.5,.788,0.4,2.2,2.6,1.5,0.4,0.2,1.0,2.1,9.4,
Alen Smailagić,PF,19,GSW,9,0,10.2,1.8,3.2,.552,0.2,1.0,.222,1.6,2.2,.700,.586,0.9,1.1,.800,0.8,1.7,2.4,0.9,0.1,0.3,0.6,1.1,4.7,
Marcus Smart,SG,25,BOS,34,23,31.2,4.1,10.9,.382,2.3,6.5,.351,1.9,4.3,.429,.488,1.8,2.2,.838,0.8,2.6,3.4,4.7,1.6,0.4,1.3,2.5,12.4,
Dennis Smith,PG,22,NYK,22,1,15.5,1.9,5.8,.320,0.5,1.9,.293,1.3,4.0,.333,.367,0.7,1.4,.500,0.6,1.5,2.0,2.6,0.5,0.3,1.4,2.0,5.0,
Ish Smith,PG,31,WAS,43,12,26.3,4.6,10.1,.460,1.0,2.6,.369,3.7,7.5,.491,.507,0.8,1.3,.630,0.4,2.6,3.0,4.6,0.8,0.4,1.3,1.4,11.0,
Tony Snell,SF,28,DET,41,39,26.4,2.9,6.2,.472,1.9,4.3,.432,1.1,1.9,.564,.622,0.4,0.4,1.000,0.1,1.6,1.8,1.4,0.4,0.2,0.4,1.7,8.1,
Omari Spellman,PF,22,GSW,43,3,17.8,2.7,6.1,.441,0.9,2.2,.404,1.8,3.9,.461,.513,1.5,1.8,.810,1.8,2.9,4.7,1.0,0.7,0.5,1.1,1.2,7.7,
Max Strus,SG,23,CHI,2,0,3.0,1.0,1.5,.667,0.0,0.5,.000,1.0,1.0,1.000,.667,0.5,0.5,1.000,0.5,0.0,0.5,0.0,0.0,0.0,0.0,0.5,2.5,
Edmond Sumner,PG,24,IND,17,2,14.4,1.9,4.4,.432,0.5,1.4,.348,1.4,3.0,.471,.486,0.5,0.8,.615,0.4,1.1,1.5,1.6,0.6,0.4,0.6,1.5,4.7,
Caleb Swanigan,PF,22,SAC,7,0,3.3,0.3,0.6,.500,0.0,0.0,,0.3,0.6,.500,.500,0.1,0.3,.500,0.3,0.7,1.0,0.3,0.1,0.3,0.9,1.1,0.7,
Jayson Tatum,PF,21,BOS,42,42,34.0,7.9,18.2,.435,2.4,6.6,.366,5.5,11.6,.474,.501,3.3,3.9,.841,1.0,5.9,6.9,2.9,1.4,0.8,2.1,2.0,21.5,
Jeff Teague,PG,31,TOT,37,14,27.2,4.1,9.3,.446,0.9,2.5,.385,3.2,6.8,.468,.497,3.4,3.9,.870,0.5,2.1,2.6,6.1,0.7,0.4,2.3,2.1,12.6,
Garrett Temple,SG,33,BRK,37,26,29.0,3.6,9.7,.367,2.0,6.4,.316,1.5,3.3,.463,.471,1.1,1.5,.759,0.6,2.8,3.4,2.6,0.9,0.5,1.3,1.7,10.3,
Daniel Theis,C,27,BOS,39,38,21.8,3.2,5.9,.534,0.4,1.4,.321,2.7,4.6,.598,.571,1.0,1.4,.696,1.9,4.0,5.9,1.6,0.7,1.5,0.8,3.4,7.8,
Isaiah Thomas,PG,30,WAS,34,31,23.4,4.3,10.5,.413,1.9,4.5,.412,2.5,6.0,.414,.501,1.6,1.9,.803,0.2,1.2,1.5,3.9,0.4,0.1,2.1,2.0,12.1,
Khyri Thomas,SG,23,DET,2,0,3.0,0.0,0.0,,0.0,0.0,,0.0,0.0,,,0.5,1.0,.500,0.0,0.0,0.0,0.0,0.0,0.0,0.0,0.0,0.5,
Matt Thomas,SG,25,TOR,17,0,11.1,1.6,3.5,.467,1.2,2.6,.467,0.4,0.9,.467,.642,0.3,0.4,.714,0.2,1.2,1.4,0.4,0.2,0.0,0.4,0.9,4.8,
Tristan Thompson,C,28,CLE,42,42,31.8,5.3,10.3,.512,0.1,0.2,.375,5.2,10.1,.514,.515,2.0,3.1,.638,4.2,6.4,10.6,2.1,0.7,1.0,2.0,2.4,12.6,
Matisse Thybulle,SG,22,PHI,38,8,19.7,1.7,4.3,.387,1.0,2.7,.376,0.7,1.6,.403,.503,0.6,0.9,.667,0.5,1.1,1.6,1.3,1.5,0.9,1.0,2.2,4.9,
Anthony Tolliver,PF,34,TOT,34,9,16.5,1.3,3.5,.361,0.9,2.7,.330,0.4,0.8,.464,.487,0.4,0.6,.684,0.8,2.4,3.2,0.9,0.2,0.3,0.6,1.6,3.8,
Karl-Anthony Towns,C,24,MIN,27,27,33.4,9.1,17.7,.513,3.4,8.3,.409,5.7,9.4,.605,.609,5.0,6.1,.807,2.7,8.2,10.9,4.3,0.9,1.1,3.0,3.4,26.5,
Gary Trent,SG,21,POR,32,2,15.0,1.9,4.8,.390,1.1,3.0,.361,0.8,1.8,.439,.503,0.3,0.4,.917,0.3,1.1,1.4,0.8,0.5,0.2,0.3,1.1,5.2,
Allonzo Trier,PG,24,NYK,20,1,12.3,1.9,4.3,.435,0.8,2.3,.326,1.1,2.0,.564,.524,1.6,2.0,.795,0.2,1.1,1.3,1.2,0.1,0.2,1.0,1.2,6.0,
P.J. Tucker,PF,34,HOU,43,43,35.0,2.8,6.2,.451,1.5,4.1,.369,1.3,2.1,.611,.573,0.6,0.8,.794,1.6,5.6,7.2,1.5,1.1,0.4,1.2,3.3,7.7,
Rayjon Tucker,SG,22,UTA,11,0,6.5,0.6,1.6,.389,0.0,0.5,.000,0.6,1.1,.583,.389,0.3,0.5,.600,0.2,0.7,0.9,0.2,0.1,0.0,0.3,0.5,1.5,
Evan Turner,PG,31,ATL,18,0,12.8,1.3,3.5,.381,0.0,0.3,.000,1.3,3.2,.414,.381,0.7,0.8,.857,0.4,1.6,2.0,2.0,0.4,0.4,1.4,1.0,3.3,
Myles Turner,C,23,IND,37,37,29.0,4.3,9.6,.449,1.5,4.4,.335,2.9,5.3,.544,.525,2.1,2.9,.738,1.3,4.7,5.9,1.2,0.7,2.0,1.3,2.6,12.2,
Jonas Valančiūnas,C,27,MEM,41,41,25.4,6.3,10.6,.595,0.6,1.5,.419,5.7,9.1,.625,.625,1.8,2.4,.737,2.8,7.3,10.1,2.0,0.4,1.0,2.0,2.5,15.0,
Denzel Valentine,SF,26,CHI,24,0,11.4,2.2,5.1,.426,1.2,3.1,.392,1.0,2.0,.479,.545,0.2,0.2,1.000,0.1,1.6,1.8,0.9,0.6,0.2,0.5,1.2,5.8,
Jarred Vanderbilt,SF,20,DEN,5,0,4.2,0.4,0.4,1.000,0.0,0.0,,0.4,0.4,1.000,1.000,0.0,0.0,,0.0,0.6,0.6,0.2,0.0,0.0,0.8,0.4,0.8,
Fred VanVleet,PG,25,TOR,34,34,35.9,6.1,14.9,.406,2.8,6.9,.402,3.3,8.1,.409,.498,3.6,4.3,.836,0.4,3.5,3.9,6.8,2.0,0.4,2.4,2.3,18.5,
Noah Vonleh,C,24,MIN,28,1,12.4,1.7,3.1,.547,0.1,0.5,.143,1.6,2.6,.625,.558,0.8,1.0,.821,1.2,2.9,4.1,0.9,0.4,0.2,0.7,1.3,4.3,
Nikola Vučević,C,29,ORL,34,34,31.6,7.5,16.7,.451,1.7,4.7,.369,5.8,12.0,.483,.503,2.2,2.8,.800,2.8,8.4,11.1,3.4,1.0,0.9,1.3,2.2,19.0,
Dean Wade,PF,23,CLE,7,0,6.7,1.0,1.4,.700,0.3,0.4,.667,0.7,1.0,.714,.800,0.0,0.1,.000,0.3,1.9,2.1,0.1,0.3,0.4,0.4,0.9,2.3,
Moritz Wagner,C,22,WAS,21,4,20.4,4.4,7.6,.581,1.0,2.7,.393,3.4,5.0,.683,.650,1.7,2.0,.837,1.6,4.4,6.0,1.3,0.7,0.6,2.0,3.9,11.6,
Kemba Walker,PG,29,BOS,38,38,31.7,7.3,16.6,.443,3.4,8.7,.390,3.9,7.9,.502,.545,3.6,4.2,.863,0.8,3.2,4.0,5.0,0.9,0.6,2.2,1.5,21.7,
Lonnie Walker,SG,21,SAS,35,1,12.3,2.2,5.1,.441,0.5,1.4,.388,1.7,3.7,.461,.494,0.7,1.0,.676,0.3,1.7,2.0,0.6,0.4,0.1,0.6,1.2,5.7,
Tyrone Wallace,SG,25,ATL,14,0,11.4,1.0,3.1,.318,0.1,1.1,.067,0.9,2.1,.448,.330,0.8,1.2,.647,0.2,1.4,1.6,0.9,0.5,0.1,0.7,1.4,2.9,
Taurean Waller-Prince,SF,25,BRK,42,42,30.2,4.5,11.8,.381,2.4,6.9,.354,2.0,4.9,.417,.484,0.9,1.1,.771,0.9,5.8,6.6,2.0,0.9,0.4,2.1,2.5,12.3,
Derrick Walton,PG,24,LAC,23,1,9.7,0.7,1.6,.472,0.4,0.9,.429,0.3,0.7,.533,.597,0.3,0.4,.778,0.1,0.6,0.7,1.0,0.2,0.0,0.2,0.8,2.2,
Brad Wanamaker,PG,30,BOS,42,0,18.7,2.1,5.0,.421,0.4,1.4,.316,1.7,3.6,.461,.464,1.7,1.9,.913,0.3,1.7,2.0,2.7,0.6,0.2,1.1,1.8,6.4,
T.J. Warren,SF,26,IND,45,45,32.2,7.2,14.0,.513,1.1,3.0,.375,6.0,10.9,.551,.553,2.6,3.1,.821,0.9,2.8,3.8,1.4,1.1,0.5,1.2,2.6,18.0,
PJ Washington,PF,21,CHO,40,40,30.5,4.7,9.7,.483,1.5,3.5,.421,3.2,6.2,.518,.559,1.7,2.5,.680,0.8,4.7,5.5,2.0,0.9,0.9,1.7,2.8,12.6,
Yuta Watanabe,SG,25,MEM,4,0,4.5,0.8,1.5,.500,0.3,0.5,.500,0.5,1.0,.500,.583,0.0,0.0,,0.3,1.0,1.3,0.0,0.0,0.3,0.3,0.3,1.8,
Tremont Waters,PG,22,BOS,6,0,9.3,1.5,4.2,.360,0.3,2.3,.143,1.2,1.8,.636,.400,1.0,1.0,1.000,0.0,1.0,1.0,1.3,0.7,0.3,0.8,1.0,4.3,
Paul Watson,SG,25,ATL,2,0,8.5,0.0,3.5,.000,0.0,1.5,.000,0.0,2.0,.000,.000,0.0,0.0,,0.0,1.0,1.0,1.5,0.5,0.0,0.0,0.5,0.0,
Russell Westbrook,PG,31,HOU,37,37,35.5,9.6,21.6,.446,1.1,4.5,.235,8.6,17.1,.502,.471,5.0,6.5,.770,1.6,6.5,8.1,7.3,1.6,0.4,4.3,3.6,25.3,
Coby White,SG,19,CHI,46,0,24.1,4.2,11.0,.379,1.7,5.1,.342,2.4,5.9,.412,.458,1.2,1.7,.724,0.4,3.1,3.5,2.2,0.8,0.1,1.5,1.5,11.3,
Derrick White,SG,25,SAS,41,11,23.6,3.5,7.5,.471,1.0,2.5,.388,2.6,5.0,.512,.536,2.0,2.4,.825,0.5,2.5,3.0,3.3,0.6,0.7,1.1,2.1,10.0,
Hassan Whiteside,C,30,POR,41,41,30.5,6.4,10.8,.590,0.0,0.1,.500,6.3,10.7,.591,.592,2.7,3.7,.740,4.0,10.1,14.1,1.2,0.4,3.0,2.0,3.0,15.5,
Andrew Wiggins,SF,24,MIN,36,36,34.7,8.4,19.2,.439,2.0,6.4,.315,6.4,12.7,.502,.492,3.6,4.9,.733,1.3,3.9,5.1,3.7,0.7,0.9,2.5,2.2,22.4,
Grant Williams,PF,21,BOS,41,2,14.7,1.1,3.0,.377,0.3,1.3,.208,0.9,1.7,.507,.422,0.7,1.0,.700,0.8,1.6,2.4,1.0,0.3,0.4,0.8,2.1,3.2,
Johnathan Williams,C,24,WAS,8,5,16.0,1.9,3.0,.625,0.0,0.3,.000,1.9,2.8,.682,.625,0.4,0.6,.600,1.6,3.5,5.1,0.8,0.1,0.6,0.4,1.0,4.1,
Kenrich Williams,PF,25,NOP,35,18,22.3,1.4,4.1,.343,0.7,2.7,.260,0.7,1.3,.511,.430,0.3,0.7,.375,1.4,3.7,5.1,1.5,0.7,0.6,0.6,2.3,3.8,
Lou Williams,SG,33,LAC,42,6,30.1,6.5,15.4,.422,1.9,5.2,.368,4.5,10.1,.449,.484,5.0,5.7,.867,0.4,2.7,3.1,6.1,0.6,0.2,3.0,1.4,19.9,
Marvin Williams,PF,33,CHO,36,0,19.6,2.3,5.1,.454,1.1,2.9,.377,1.2,2.2,.557,.562,1.1,1.2,.886,0.4,2.3,2.6,0.9,0.7,0.4,0.6,1.7,6.9,
Robert Williams,C,22,BOS,19,1,14.2,1.7,2.6,.673,0.0,0.0,,1.7,2.6,.673,.673,0.4,0.7,.571,1.2,3.4,4.6,1.1,0.9,1.1,0.8,1.8,3.9,
Nigel Williams-Goss,PG,25,UTA,9,0,3.1,0.1,0.8,.143,0.0,0.2,.000,0.1,0.6,.200,.143,0.2,0.2,1.000,0.2,0.3,0.6,0.6,0.1,0.1,0.2,0.2,0.4,
Zion Williamson,SF,19,NOP,1,1,18.0,8.0,11.0,.727,4.0,4.0,1.000,4.0,7.0,.571,.909,2.0,4.0,.500,2.0,5.0,7.0,3.0,0.0,0.0,5.0,1.0,22.0,
D.J. Wilson,PF,23,MIL,26,0,9.0,1.2,3.0,.405,0.4,1.7,.244,0.8,1.3,.618,.475,0.2,0.3,.714,0.2,1.8,2.0,0.7,0.0,0.2,0.5,0.8,3.1,
Justise Winslow,SF,23,MIA,11,5,32.0,4.5,11.7,.388,0.5,2.5,.222,4.0,9.3,.431,.411,1.6,2.5,.667,1.5,5.2,6.6,4.0,0.6,0.5,2.2,3.5,11.3,
Christian Wood,PF,24,DET,41,1,16.9,3.5,5.9,.587,0.6,1.5,.365,2.9,4.4,.665,.634,2.3,3.1,.721,1.3,4.0,5.2,0.7,0.4,0.9,1.1,1.2,9.8,
Delon Wright,SG,27,DAL,41,4,20.3,2.7,5.7,.478,0.6,1.7,.368,2.1,4.0,.524,.532,1.1,1.4,.807,1.0,2.7,3.6,3.1,1.3,0.4,0.8,1.2,7.1,
Thaddeus Young,PF,31,CHI,45,1,22.4,3.6,8.7,.421,1.1,3.2,.345,2.5,5.4,.465,.485,0.6,1.0,.596,1.4,3.1,4.5,1.7,1.1,0.3,1.4,1.8,9.0,
Trae Young,PG,21,ATL,40,40,35.1,9.3,20.9,.447,3.5,9.3,.373,5.9,11.5,.508,.531,7.1,8.4,.839,0.6,4.0,4.7,8.6,1.2,0.1,4.8,1.6,29.2,
Cody Zeller,C,27,CHO,42,23,23.0,4.4,8.3,.530,0.4,1.5,.270,4.0,6.8,.587,.554,2.1,3.1,.690,2.8,4.2,7.0,1.2,0.6,0.4,1.3,2.5,11.3,
Ante Žižić,C,23,CLE,16,0,9.9,1.8,3.1,.571,0.0,0.0,,1.8,3.1,.571,.571,0.8,0.9,.867,0.9,2.6,3.4,0.2,0.4,0.3,0.3,1.3,4.3,
Ivica Zubac,C,22,LAC,45,43,17.5,3.3,5.5,.597,0.0,0.0,.000,3.3,5.5,.602,.597,1.7,2.3,.735,2.5,4.4,6.8,1.0,0.2,0.9,0.8,2.3,8.2,