player,pos,age,team_id,g,gs,mp,fg_per_poss,fga_per_poss,fg_pct,fg3_per_poss,fg3a_per_poss,fg3_pct,fg2_per_poss,fg2a_per_poss,fg2_pct,ft_per_poss,fta_per_poss,ft_pct,orb_per_poss,drb_per_poss,trb_per_poss,ast_per_poss,stl_per_poss,blk_per_poss,tov_per_poss,pf_per_poss,pts_per_poss,,off_rtg,def_rtg,
Steven Adams,C,26,OKC,40,40,1078,8.5,14.1,.603,0.0,0.0,.000,8.5,14.0,.605,3.4,6.1,.567,6.3,11.2,17.5,4.7,1.2,2.0,2.7,3.2,20.4,124,106,
Bam Adebayo,C,22,MIA,44,44,1517,8.6,14.6,.586,0.0,0.3,.100,8.5,14.3,.597,5.3,7.7,.685,3.7,11.1,14.8,6.5,1.7,1.6,4.0,3.6,22.4,118,105,
LaMarcus Aldridge,C,34,SAS,41,41,1353,11.0,21.6,.509,1.7,4.1,.426,9.3,17.5,.528,4.4,5.2,.845,3.0,7.8,10.8,3.5,0.9,2.5,2.0,3.6,28.1,118,112,
Nickeil Alexander-Walker,SG,21,NOP,36,0,485,7.4,21.2,.348,3.8,11.1,.345,3.6,10.1,.352,1.6,2.7,.607,0.7,6.6,7.3,6.9,1.0,0.7,3.3,4.1,20.3,94,115,
Grayson Allen,SG,24,MEM,29,0,491,7.5,16.6,.451,3.1,8.6,.363,4.4,8.0,.548,2.8,3.3,.857,0.5,5.7,6.2,4.1,0.6,0.1,2.1,3.4,20.9,111,116,
Jarrett Allen,C,21,BRK,42,38,1124,7.8,11.9,.653,0.0,0.1,.000,7.8,11.8,.660,4.5,7.1,.639,5.5,11.7,17.2,2.3,1.2,2.3,2.0,4.2,20.1,131,104,
Kadeem Allen,SG,27,NYK,9,0,96,8.6,21.2,.405,2.5,8.1,.313,6.1,13.1,.462,2.5,4.0,.625,1.0,3.0,4.0,9.6,2.0,1.0,4.0,3.5,22.2,100,114,
Al-Farouq Aminu,PF,29,ORL,18,2,380,3.2,11.1,.291,1.2,4.6,.250,2.1,6.4,.320,2.4,3.7,.655,3.1,8.1,11.2,2.7,2.3,1.0,2.2,3.5,10.0,88,105,
Justin Anderson,SF,26,BRK,3,0,17,2.8,16.6,.167,0.0,8.3,.000,2.8,8.3,.333,2.8,5.5,.500,0.0,5.5,5.5,0.0,0.0,2.8,0.0,5.5,8.3,50,110,
Kyle Anderson,PF,26,MEM,38,3,631,5.6,12.0,.466,0.5,2.6,.200,5.1,9.4,.539,2.1,3.2,.651,2.6,7.7,10.3,5.8,2.1,1.1,2.1,3.8,13.8,110,111,
Ryan Anderson,PF,31,HOU,2,0,14,6.6,23.2,.286,3.3,16.6,.200,3.3,6.6,.500,0.0,0.0,,0.0,23.2,23.2,6.6,3.3,0.0,3.3,3.3,16.6,79,97,
Giannis Antetokounmpo,PF,25,MIL,42,42,1286,16.5,29.8,.554,2.5,7.6,.322,14.1,22.2,.634,9.3,15.4,.606,3.4,15.8,19.2,8.4,1.7,1.6,5.4,4.7,44.8,117,96,
Kostas Antetokounmpo,PF,22,LAL,3,0,5,0.0,0.0,,0.0,0.0,,0.0,0.0,,0.0,0.0,,0.0,9.6,9.6,9.6,0.0,0.0,0.0,0.0,0.0,226,110,
Thanasis Antetokounmpo,SF,27,MIL,13,0,55,9.2,16.6,.550,0.0,1.7,.000,9.2,15.0,.611,3.3,6.7,.500,5.0,0.8,5.8,5.0,0.8,0.8,4.2,5.8,21.6,107,108,
Carmelo Anthony,PF,35,POR,30,30,967,9.2,20.8,.441,2.1,5.7,.374,7.0,15.1,.466,3.5,4.2,.826,1.6,7.6,9.3,2.0,1.4,0.8,2.6,4.4,23.9,103,112,
OG Anunoby,SF,22,TOR,43,42,1269,7.0,14.1,.492,2.2,5.9,.367,4.8,8.2,.583,1.3,2.0,.660,1.8,7.3,9.1,2.7,1.8,1.1,2.1,4.0,17.4,110,104,
Ryan Arcidiacono,PG,25,CHI,42,0,618,4.2,11.1,.378,2.5,6.5,.381,1.7,4.6,.373,1.5,1.9,.760,1.1,4.4,5.4,5.0,1.4,0.2,1.8,5.4,12.4,107,111,
Trevor Ariza,SF,34,SAC,32,0,791,4.0,10.2,.388,2.7,7.6,.352,1.3,2.7,.488,1.3,1.7,.778,1.3,7.7,9.0,3.1,2.2,0.4,1.7,3.9,11.9,107,110,
D.J. Augustin,PG,32,ORL,39,6,1013,6.2,15.7,.393,2.3,6.6,.346,3.9,9.2,.426,5.5,6.3,.877,0.7,3.9,4.6,8.9,1.3,0.0,2.6,2.1,20.1,114,111,
Deandre Ayton,C,21,PHO,14,9,445,11.4,21.4,.535,0.0,0.1,.000,11.4,21.2,.537,3.2,3.8,.833,5.3,12.4,17.7,2.7,0.7,2.2,2.4,4.4,26.0,113,108,
Dwayne Bacon,SG,24,CHO,35,10,637,6.6,18.3,.359,1.5,5.1,.292,5.1,13.2,.385,2.6,4.0,.647,1.0,5.8,6.8,3.8,1.7,0.2,2.5,3.9,17.2,88,114,
Marvin Bagley,PF,20,SAC,13,6,334,11.4,24.5,.467,0.6,3.2,.182,10.9,21.3,.510,3.7,4.5,.806,4.3,10.0,14.2,1.5,0.9,1.8,2.6,6.3,27.1,102,110,
Lonzo Ball,PG,22,NOP,37,28,1149,6.8,17.3,.393,3.4,9.6,.359,3.4,7.7,.435,1.1,2.0,.540,1.8,7.0,8.8,9.6,1.9,0.5,4.1,2.9,18.2,102,112,
Mo Bamba,C,21,ORL,41,0,627,6.9,15.6,.445,1.7,5.7,.301,5.2,9.9,.528,1.2,1.9,.625,4.8,12.0,16.8,2.1,1.2,4.4,2.6,5.8,16.8,102,101,
J.J. Barea,PG,35,DAL,13,3,195,11.0,24.2,.454,5.0,10.5,.476,6.0,13.7,.436,1.2,1.2,1.000,1.2,4.7,6.0,10.2,0.7,0.2,3.7,2.0,28.2,116,114,
Harrison Barnes,PF,27,SAC,44,44,1543,7.2,16.1,.446,1.9,5.4,.355,5.3,10.7,.491,4.7,5.9,.790,1.3,5.6,6.9,2.9,0.9,0.2,1.7,1.6,20.9,113,115,
RJ Barrett,SG,19,NYK,41,41,1281,7.9,20.2,.393,1.8,5.4,.329,6.2,14.8,.417,4.2,7.0,.603,1.7,6.5,8.1,3.8,1.6,0.6,3.4,3.5,21.9,93,113,
Will Barton,SF,29,DEN,41,41,1377,8.4,18.9,.445,2.5,6.9,.366,5.9,12.1,.490,2.7,3.5,.755,2.2,7.5,9.7,5.6,1.7,0.8,2.1,3.1,22.0,112,108,
Keita Bates-Diop,SF,24,MIN,32,0,568,6.3,14.9,.420,2.5,6.9,.357,3.8,8.0,.474,3.5,5.0,.689,1.5,6.4,7.8,1.6,1.2,1.2,1.1,2.6,18.5,111,111,
Nicolas Batum,SF,31,CHO,21,2,471,2.8,7.7,.370,1.5,4.9,.304,1.4,2.8,.481,0.6,0.6,1.000,2.3,7.6,9.9,6.4,1.8,0.8,2.3,4.1,7.8,107,112,
Aron Baynes,C,33,PHO,33,25,756,9.1,18.5,.490,2.6,7.8,.333,6.5,10.7,.605,2.7,3.8,.721,3.4,8.5,11.8,3.9,0.4,1.2,2.4,7.2,23.5,114,112,
Kent Bazemore,SF-SG,30,TOT,44,21,1127,4.9,13.9,.348,2.4,7.3,.329,2.4,6.6,.369,2.5,3.2,.789,0.6,6.8,7.4,2.6,1.9,1.3,2.6,5.3,14.7,92,111,
Darius Bazley,PF,19,OKC,45,7,772,4.4,12.2,.363,1.7,5.5,.307,2.7,6.6,.410,1.5,2.1,.676,1.1,9.5,10.6,1.5,1.0,2.0,2.3,2.7,12.0,86,107,
Bradley Beal,SG,26,WAS,36,36,1279,12.5,28.0,.445,3.2,10.3,.311,9.3,17.7,.524,8.0,9.5,.839,1.3,4.7,6.1,8.3,1.3,0.4,4.3,3.0,36.1,111,118,
Malik Beasley,SG,23,DEN,34,0,586,7.8,19.6,.399,3.9,10.2,.380,4.0,9.4,.420,1.7,1.9,.909,0.6,4.2,4.8,2.7,1.8,0.4,2.4,3.5,21.3,99,110,
Marco Belinelli,SG,33,SAS,39,0,597,6.2,16.8,.371,3.0,8.6,.352,3.2,8.2,.392,2.2,2.9,.778,0.2,5.3,5.4,3.9,0.6,0.0,1.0,2.5,17.8,103,117,
Jordan Bell,C,25,MIN,25,0,221,6.4,12.1,.526,0.4,1.7,.250,5.9,10.4,.571,3.6,6.2,.586,5.9,10.2,16.1,3.0,0.4,1.9,3.8,3.0,16.8,107,110,
DeAndre' Bembry,SG,25,ATL,43,4,915,5.3,11.6,.456,0.8,3.3,.231,4.5,8.3,.546,1.3,2.4,.542,1.7,6.0,7.7,4.1,2.8,1.0,3.0,4.3,12.7,94,110,
Dragan Bender,SF,22,MIL,6,0,85,5.4,10.8,.500,2.2,4.8,.444,3.2,5.9,.545,1.1,1.6,.667,0.0,9.7,9.7,4.3,0.0,2.2,2.7,8.1,14.0,107,103,
Dāvis Bertāns,PF,27,WAS,34,4,994,7.9,18.3,.433,5.9,13.8,.424,2.1,4.5,.463,2.6,3.0,.875,1.2,6.3,7.5,2.7,1.0,1.0,1.4,4.1,24.3,121,117,
Patrick Beverley,PG,31,LAC,36,36,1020,5.1,11.9,.423,2.5,7.1,.351,2.6,4.9,.528,1.1,1.7,.632,2.2,7.7,9.9,6.6,2.2,1.0,2.2,5.3,13.7,115,105,
Khem Birch,C,27,ORL,31,19,647,3.4,6.9,.495,0.0,0.1,.000,3.4,6.8,.500,2.3,4.1,.574,4.2,7.1,11.3,2.3,1.1,1.4,1.6,4.6,9.1,113,108,
Goga Bitadze,C,20,IND,36,2,331,6.5,13.7,.473,0.6,3.4,.174,5.9,10.3,.571,3.0,4.3,.690,3.1,9.0,12.1,2.7,0.3,3.8,2.7,6.6,16.5,103,105,
Bismack Biyombo,C,27,CHO,42,25,815,7.6,13.9,.544,0.0,0.0,,7.6,13.9,.544,4.5,7.2,.619,6.0,9.1,15.1,2.2,0.5,2.2,2.3,5.7,19.6,117,112,
Nemanja Bjelica,PF,31,SAC,44,41,1227,8.3,17.1,.487,3.5,8.0,.433,4.8,9.0,.535,1.7,2.0,.860,2.8,8.7,11.5,4.5,1.6,1.0,2.7,5.3,21.8,117,110,
Eric Bledsoe,PG,30,MIL,37,37,965,9.6,20.0,.480,2.2,6.2,.354,7.4,13.8,.536,4.7,5.6,.832,1.2,6.7,8.0,8.9,1.5,0.9,3.8,3.8,26.0,114,103,
Bogdan Bogdanović,SG,27,SAC,33,0,925,9.3,21.9,.426,4.6,12.1,.376,4.8,9.7,.489,2.1,3.2,.656,0.6,4.5,5.1,6.2,1.7,0.5,3.6,3.6,25.3,104,113,
Bojan Bogdanović,SF,30,UTA,43,43,1426,10.2,22.5,.454,4.4,10.6,.417,5.8,11.8,.487,6.1,6.7,.904,0.9,5.2,6.1,3.0,0.9,0.2,4.0,2.6,30.9,110,110,
Jonah Bolden,PF,24,PHI,3,0,13,7.5,11.2,.667,0.0,3.7,.000,7.5,7.5,1.000,0.0,7.5,.000,0.0,3.7,3.7,0.0,3.7,0.0,7.5,14.9,14.9,56,104,
Jordan Bone,PG,22,DET,5,0,16,6.1,21.2,.286,0.0,6.1,.000,6.1,15.1,.400,0.0,0.0,,0.0,0.0,0.0,9.1,0.0,0.0,6.1,6.1,12.1,63,120,
Isaac Bonga,SF,20,WAS,38,26,662,4.4,8.2,.538,0.7,2.0,.357,3.7,6.3,.596,2.3,3.1,.750,2.7,6.1,8.7,2.8,2.0,0.8,1.8,6.0,11.9,120,115,
Devin Booker,SG,23,PHO,41,41,1473,12.0,23.6,.508,2.4,6.8,.358,9.5,16.8,.568,8.4,9.1,.919,0.8,4.6,5.3,8.2,1.1,0.3,5.1,4.0,34.7,115,114,
Chris Boucher,PF,27,TOR,38,0,483,7.7,17.0,.453,2.0,6.2,.317,5.7,10.8,.532,5.1,7.0,.732,7.1,9.4,16.5,1.7,1.3,3.4,1.6,6.3,22.5,122,101,
Brian Bowen,SG,21,IND,3,0,10,4.9,19.5,.250,0.0,4.9,.000,4.9,14.7,.333,0.0,0.0,,0.0,4.9,4.9,0.0,0.0,4.9,0.0,0.0,9.8,54,107,
Ky Bowman,PG,22,GSW,37,10,827,6.3,15.3,.409,1.8,5.2,.344,4.5,10.1,.443,1.4,1.7,.828,1.0,4.4,5.4,6.1,2.1,0.3,2.8,4.8,15.7,97,114,
Avery Bradley,SG,29,LAL,30,25,697,6.8,15.1,.450,1.4,5.1,.280,5.4,9.9,.538,0.6,0.8,.750,1.0,3.6,4.6,2.2,1.9,0.1,2.3,4.8,15.6,96,109,
Tony Bradley,C,22,UTA,33,2,340,9.0,14.4,.624,0.0,0.0,,9.0,14.4,.624,2.7,4.4,.613,7.9,11.9,19.7,1.3,1.3,2.1,2.6,9.7,20.7,125,102,
Jarrell Brantley,PF,23,UTA,2,0,9,0.0,0.0,,0.0,0.0,,0.0,0.0,,0.0,0.0,,0.0,21.6,21.6,5.4,0.0,10.8,5.4,5.4,0.0,48,89,
Ignas Brazdeikis,SF,21,NYK,9,0,53,5.5,20.1,.273,0.9,8.2,.111,4.6,11.9,.385,3.7,4.6,.800,1.8,2.7,4.6,3.7,0.0,0.9,1.8,2.7,15.5,82,119,
Mikal Bridges,SF,23,PHO,44,5,1050,5.5,10.4,.528,1.2,3.6,.333,4.3,6.8,.632,2.5,3.1,.800,1.5,6.0,7.5,2.6,2.7,0.9,1.7,3.9,14.7,117,109,
Miles Bridges,SF,21,CHO,45,45,1363,7.7,17.5,.437,2.3,6.9,.340,5.3,10.7,.498,2.2,2.7,.800,2.0,6.9,8.9,3.0,1.0,1.2,2.7,3.6,19.8,102,114,
Oshae Brissett,SF,21,TOR,13,0,113,4.6,12.7,.367,1.3,5.1,.250,3.4,7.6,.444,2.1,2.5,.833,3.4,5.1,8.5,1.7,1.3,0.4,1.7,6.3,12.7,99,107,
Ryan Broekhoff,SG,29,DAL,10,0,77,7.0,15.8,.440,6.3,12.6,.500,0.6,3.2,.200,3.2,3.8,.833,0.6,8.2,8.9,2.5,1.3,0.6,1.3,4.4,23.4,131,110,
Malcolm Brogdon,PG,27,IND,33,33,994,9.9,22.6,.439,2.3,6.6,.343,7.7,16.0,.479,5.6,6.0,.926,1.1,5.8,7.0,11.8,1.2,0.3,4.1,3.0,27.7,112,110,
Dillon Brooks,SG,24,MEM,44,44,1229,9.3,22.3,.415,3.6,9.2,.393,5.7,13.2,.431,3.7,4.4,.838,1.7,3.9,5.7,3.4,1.6,0.6,2.6,6.3,25.9,104,114,
Bruce Brown,SG,23,DET,43,34,1167,5.9,13.3,.441,1.0,2.9,.333,4.9,10.4,.470,2.7,3.9,.684,1.7,5.9,7.6,6.9,2.2,1.0,3.0,4.7,15.4,105,110,
Charlie Brown,SG,22,ATL,5,0,27,5.2,17.2,.300,3.4,6.9,.500,1.7,10.3,.167,8.6,8.6,1.000,3.4,3.4,6.9,1.7,0.0,3.4,0.0,0.0,22.4,124,116,
Jaylen Brown,SF,23,BOS,36,36,1202,10.4,21.3,.491,3.0,7.7,.391,7.4,13.6,.547,5.0,6.6,.752,1.6,8.2,9.8,3.4,1.7,0.4,3.2,4.3,28.8,113,106,
Moses Brown,C,20,POR,7,0,23,8.3,18.6,.444,0.0,0.0,,8.3,18.6,.444,4.1,8.3,.500,6.2,16.5,22.8,0.0,2.1,0.0,6.2,10.3,20.7,84,106,
Sterling Brown,SF,24,MIL,32,0,477,5.5,14.4,.380,2.5,7.4,.338,3.0,7.0,.425,2.2,2.9,.767,2.0,9.8,11.8,3.1,1.8,0.4,2.8,3.4,15.6,98,101,
Troy Brown,SG,20,WAS,40,14,1027,7.3,15.9,.460,1.4,4.2,.323,5.9,11.7,.510,2.8,3.6,.763,2.1,8.6,10.7,3.8,2.5,0.2,2.1,3.4,18.7,109,114,
Jalen Brunson,PG,23,DAL,43,8,721,8.3,18.1,.459,1.9,6.0,.315,6.4,12.1,.531,2.6,3.3,.796,1.2,5.7,6.9,9.4,1.3,0.2,3.0,3.8,21.1,114,112,
Thomas Bryant,C,22,WAS,23,20,593,9.2,16.5,.557,0.9,3.0,.316,8.3,13.5,.610,3.1,4.2,.741,3.6,9.9,13.5,4.2,0.7,1.7,2.6,4.1,22.5,119,115,
Reggie Bullock,SG,28,NYK,11,8,275,7.8,18.9,.411,3.0,9.5,.315,4.8,9.3,.509,0.9,1.1,.833,1.2,2.3,3.5,2.5,3.0,0.0,1.1,4.6,19.4,105,113,
Trey Burke,PG,27,PHI,22,0,311,9.1,18.9,.479,2.5,5.6,.444,6.6,13.3,.494,2.0,2.8,.722,2.2,3.1,5.3,7.8,1.1,0.2,1.9,3.0,22.6,120,111,
Alec Burks,SG,28,GSW,43,18,1261,8.4,20.6,.406,2.6,7.3,.358,5.7,13.3,.433,6.8,7.5,.904,1.3,6.5,7.8,5.2,1.7,0.6,2.5,3.8,26.1,111,113,
Deonte Burton,SG,26,OKC,26,0,214,5.9,17.1,.347,1.1,7.7,.147,4.8,9.3,.512,1.1,2.5,.455,1.1,6.6,7.7,2.0,0.9,1.6,1.8,5.5,14.1,80,110,
Jimmy Butler,SF,30,MIA,38,38,1330,8.2,18.5,.440,1.0,3.6,.263,7.2,14.9,.484,11.1,13.3,.829,2.7,7.1,9.7,9.1,2.6,0.8,3.3,1.9,28.3,122,106,
Bruno Caboclo,SF,24,MEM,22,0,192,6.8,16.7,.406,1.0,6.1,.160,5.8,10.7,.545,0.5,0.7,.667,4.1,6.5,10.7,2.4,2.4,2.9,1.7,5.6,15.0,97,108,
Kentavious Caldwell-Pope,SG,26,LAL,44,20,1122,6.6,14.1,.465,2.7,6.5,.418,3.8,7.6,.506,2.4,2.9,.826,1.2,3.0,4.2,3.4,1.4,0.4,1.6,3.5,18.3,118,110,
Vlatko Čančar,SF,22,DEN,8,0,15,6.6,13.2,.500,3.3,6.6,.500,3.3,6.6,.500,6.6,6.6,1.000,3.3,3.3,6.6,9.9,3.3,0.0,3.3,3.3,23.1,140,108,
Clint Capela,C,25,HOU,36,36,1200,8.9,14.2,.629,0.0,0.0,,8.9,14.2,.629,2.0,3.6,.559,5.9,13.8,19.7,1.7,1.3,2.6,2.2,3.7,19.9,125,104,
DeMarre Carroll,SF,33,SAS,15,0,135,3.2,10.3,.310,1.1,4.6,.231,2.1,5.7,.375,4.2,7.1,.600,2.5,8.5,11.0,3.9,0.7,0.7,3.5,7.1,11.7,88,114,
Jevon Carter,PG,24,PHO,29,2,393,4.5,12.1,.376,2.5,6.6,.382,2.0,5.5,.370,0.8,1.1,.778,1.4,4.8,6.2,4.8,2.5,1.0,2.6,4.9,12.4,97,109,
Vince Carter,SF,43,ATL,38,0,572,5.4,16.1,.333,3.2,10.9,.291,2.2,5.2,.422,1.2,1.7,.714,0.7,5.2,5.9,2.9,1.1,1.3,1.9,4.6,15.1,90,114,
Wendell Carter,C,20,CHI,37,37,1109,7.2,13.4,.537,0.3,1.2,.214,6.9,12.2,.569,4.1,5.6,.736,5.6,10.2,15.9,1.9,1.3,1.4,2.7,6.1,18.8,116,106,
Michael Carter-Williams,SG,28,ORL,22,0,359,6.3,16.2,.387,1.1,4.6,.235,5.2,11.6,.447,3.5,5.0,.703,2.7,6.4,9.1,6.0,3.1,1.2,2.9,4.8,17.2,99,104,
Alex Caruso,PG,25,LAL,41,0,783,4.6,11.4,.409,1.6,4.6,.342,3.1,6.7,.455,2.8,3.5,.793,0.6,4.3,4.9,4.4,2.4,0.8,2.3,4.0,13.7,105,106,
Willie Cauley-Stein,C,26,GSW,41,37,940,7.3,13.1,.560,0.0,0.0,,7.3,13.1,.560,1.8,2.9,.614,3.6,9.4,13.0,3.1,2.3,2.5,1.8,5.2,16.5,115,107,
Tyson Chandler,C,37,HOU,25,5,219,3.0,3.8,.778,0.0,0.0,,3.0,3.8,.778,1.3,2.8,.462,5.3,8.7,14.0,1.3,1.3,1.7,1.7,6.8,7.2,134,108,
Wilson Chandler,SF,32,BRK,14,0,281,5.7,12.9,.442,2.0,7.2,.279,3.7,5.7,.647,1.5,1.7,.900,0.5,10.2,10.7,3.0,1.5,0.8,2.7,4.8,14.9,99,106,
Zylan Cheatham,SF,24,NOP,3,0,31,3.0,7.5,.400,0.0,1.5,.000,3.0,6.0,.500,0.0,0.0,,1.5,7.5,9.0,3.0,0.0,1.5,4.5,7.5,6.0,67,115,
Chris Chiozza,PG,24,TOT,11,0,130,3.6,13.3,.270,2.5,6.5,.389,1.1,6.8,.158,0.0,0.0,,0.0,5.7,5.7,10.4,3.6,0.7,3.2,4.3,9.7,87,112,
Marquese Chriss,PF,22,GSW,41,3,720,7.5,15.0,.502,0.3,1.5,.217,7.2,13.4,.535,4.9,6.5,.755,5.2,9.7,14.9,4.9,1.6,2.3,3.7,5.2,20.3,111,109,
Gary Clark,PF,25,TOT,23,0,281,5.2,12.5,.413,3.7,10.4,.355,1.5,2.2,.692,1.0,1.2,.857,3.2,6.5,9.7,2.0,0.3,1.5,0.7,3.8,15.0,127,111,
Brandon Clarke,PF,23,MEM,38,2,816,10.9,17.4,.630,1.0,2.5,.409,9.9,14.9,.667,3.1,3.9,.809,2.8,9.3,12.1,3.3,0.9,1.8,2.1,3.6,26.1,129,112,
Jordan Clarkson,SG,27,TOT,43,0,1020,10.6,23.7,.447,4.1,11.5,.358,6.5,12.3,.529,4.5,5.3,.848,1.4,3.7,5.1,4.2,1.2,0.6,2.4,2.5,29.8,114,115,
Nicolas Claxton,PF,20,BRK,12,0,156,7.2,12.7,.571,0.3,2.1,.143,6.9,10.5,.657,2.1,4.5,.467,4.8,4.8,9.6,4.2,0.3,2.4,2.1,3.6,16.9,119,110,
Chris Clemons,SG,22,HOU,25,0,224,9.9,23.0,.432,6.8,17.8,.384,3.1,5.2,.600,0.8,1.0,.800,0.4,3.7,4.1,3.9,1.2,1.0,3.3,4.1,27.5,109,112,
Antonius Cleveland,SG,25,DAL,3,0,14,7.0,10.4,.667,0.0,3.5,.000,7.0,7.0,1.000,0.0,0.0,,0.0,10.4,10.4,0.0,0.0,0.0,3.5,0.0,13.9,90,113,
Amir Coffey,SG,22,LAC,2,0,5,18.7,28.1,.667,9.4,18.7,.500,9.4,9.4,1.000,0.0,0.0,,0.0,0.0,0.0,9.4,0.0,0.0,0.0,9.4,46.8,170,116,
John Collins,PF,22,ATL,19,19,583,11.1,21.5,.515,2.2,6.1,.355,8.9,15.5,.577,3.4,4.4,.782,3.6,11.4,15.0,2.0,1.2,3.2,2.6,5.4,27.8,113,108,
Zach Collins,PF,22,POR,3,3,86,5.0,10.5,.474,1.7,3.9,.429,3.3,6.6,.500,3.3,3.3,1.000,2.2,4.4,6.6,3.3,0.0,1.1,3.3,6.1,14.9,111,117,
Mike Conley,PG,32,UTA,25,22,699,7.6,20.3,.377,3.0,8.4,.355,4.7,11.9,.392,4.2,5.3,.803,1.1,4.2,5.3,7.5,1.3,0.3,3.3,3.6,22.5,104,109,
Pat Connaughton,SG,27,MIL,41,0,724,4.9,11.1,.440,1.6,5.8,.286,3.2,5.3,.607,1.1,1.6,.720,2.0,8.8,10.7,4.4,0.8,1.4,2.1,2.5,12.5,108,103,
Quinn Cook,PG,26,LAL,29,0,366,8.8,19.2,.456,2.7,7.2,.382,6.0,12.0,.500,0.8,1.2,.667,0.8,4.0,4.8,4.8,1.3,0.1,2.9,2.6,21.0,103,110,
Tyler Cook,PF,22,CLE,9,0,31,9.4,12.6,.750,0.0,0.0,,9.4,12.6,.750,7.9,9.4,.833,6.3,6.3,12.6,1.6,1.6,0.0,1.6,6.3,26.7,157,116,
Robert Covington,PF,29,MIN,43,42,1252,7.2,16.5,.434,3.6,10.3,.345,3.6,6.2,.582,2.5,3.1,.798,1.2,8.3,9.5,1.9,2.7,1.5,2.4,4.7,20.4,106,107,
Allen Crabbe,SG,27,TOT,30,1,559,4.6,12.8,.357,2.7,8.4,.317,1.9,4.4,.434,0.7,1.0,.750,0.8,4.8,5.7,2.6,1.2,0.3,1.1,3.2,12.6,99,115,
Torrey Craig,SF,29,DEN,31,9,451,4.7,11.4,.413,1.3,5.5,.240,3.4,5.9,.574,1.4,2.2,.650,2.4,5.8,8.2,2.0,1.3,2.1,1.5,6.9,12.2,102,108,
Jae Crowder,SF,29,MEM,41,41,1214,5.2,14.4,.365,2.8,9.6,.295,2.4,4.8,.508,2.4,3.1,.775,1.5,8.2,9.7,4.4,1.6,0.5,2.0,3.1,15.7,103,112,
Jarrett Culver,SG,20,MIN,43,30,1065,7.3,18.5,.393,2.0,7.1,.278,5.3,11.4,.465,1.8,3.9,.466,2.4,4.4,6.8,3.7,1.8,1.3,2.6,3.8,18.3,93,111,
Seth Curry,SG,29,DAL,41,9,923,8.0,17.5,.458,4.0,10.0,.395,4.1,7.5,.542,2.7,3.0,.895,1.0,3.2,4.2,3.7,1.2,0.4,2.1,3.5,22.7,118,114,
Stephen Curry,PG,31,GSW,4,4,112,11.6,28.2,.409,3.9,15.8,.243,7.7,12.4,.621,7.7,7.7,1.000,1.7,6.8,8.6,11.1,2.1,0.9,6.4,4.3,34.7,105,111,
Troy Daniels,SG,28,LAL,33,0,398,6.6,16.2,.407,4.3,11.4,.379,2.3,4.8,.475,0.8,1.2,.700,0.8,3.6,4.4,1.4,1.0,0.2,0.8,2.9,18.4,111,111,
Anthony Davis,PF,26,LAL,37,37,1284,12.7,25.2,.503,1.5,4.8,.300,11.2,20.3,.551,9.9,11.4,.866,3.0,9.6,12.6,4.5,2.1,3.5,3.2,3.5,36.7,121,101,
Ed Davis,C,30,UTA,22,0,239,2.4,6.5,.375,0.0,0.0,,2.4,6.5,.375,1.0,2.2,.455,5.1,12.8,17.9,1.6,1.8,1.8,2.6,10.4,5.9,92,101,
Terence Davis,SG,22,TOR,44,1,745,7.5,16.2,.462,3.6,9.0,.397,3.9,7.2,.545,1.9,2.1,.938,2.1,7.6,9.7,5.5,1.5,0.5,2.9,4.2,20.5,114,105,
Dewayne Dedmon,C,30,SAC,29,5,417,6.8,16.8,.406,1.5,7.2,.213,5.3,9.6,.549,2.5,3.1,.808,4.5,10.6,15.0,1.3,1.1,1.5,4.6,8.7,17.6,89,110,
Matthew Dellavedova,PG,29,CLE,41,0,524,3.7,11.2,.333,1.0,5.9,.172,2.7,5.2,.518,2.3,2.6,.893,1.1,3.4,4.6,10.1,1.4,0.1,3.3,5.6,10.8,100,118,
DeMar DeRozan,SF,30,SAS,43,43,1473,11.8,22.2,.533,0.3,0.9,.296,11.6,21.4,.543,7.4,8.8,.841,0.9,6.9,7.8,7.3,1.5,0.4,3.5,4.0,31.3,117,114,
Cheick Diallo,C,23,PHO,28,0,257,9.5,14.5,.658,0.2,0.4,.500,9.3,14.1,.662,3.8,4.6,.840,3.1,9.9,13.0,2.6,1.1,0.7,2.6,4.8,23.1,126,110,
Hamidou Diallo,SF,21,OKC,25,2,487,7.2,16.5,.436,0.5,2.5,.200,6.7,14.0,.479,2.3,3.6,.639,2.0,5.7,7.7,1.7,2.3,0.5,2.6,5.5,17.2,92,108,
Gorgui Dieng,C,30,MIN,40,17,724,7.4,16.6,.447,2.8,7.1,.394,4.7,9.6,.486,2.9,3.6,.804,4.4,11.0,15.4,3.5,2.3,2.5,2.5,5.5,20.6,114,105,
Spencer Dinwiddie,SG,26,BRK,42,31,1304,10.9,26.1,.419,2.9,9.7,.302,8.0,16.4,.488,8.3,10.6,.776,0.6,4.3,4.9,9.7,1.1,0.5,4.4,4.7,33.0,108,111,
Donte DiVincenzo,SG,23,MIL,41,20,930,6.8,15.2,.448,2.4,7.2,.333,4.4,7.9,.553,1.9,2.4,.792,1.8,7.4,9.2,4.7,3.1,0.5,2.5,3.1,17.9,109,99,
Luka Dončić,PG,20,DAL,39,39,1282,14.0,30.0,.466,4.4,13.5,.327,9.6,16.6,.580,10.7,13.8,.777,2.2,12.2,14.4,13.3,1.5,0.3,6.4,3.6,43.1,119,108,
Luguentz Dort,SG,20,OKC,10,2,193,3.8,10.8,.349,0.8,5.3,.143,3.0,5.5,.545,2.8,4.0,.688,0.8,2.3,3.0,2.3,1.5,0.0,1.8,7.8,11.1,89,113,
Damyean Dotson,SG,25,NYK,38,0,644,6.8,16.9,.404,3.1,9.5,.325,3.8,7.5,.505,1.2,1.8,.667,0.5,4.9,5.4,3.5,1.3,0.3,1.2,2.2,18.0,106,116,
Sekou Doumbouya,SF,19,DET,18,10,340,7.3,15.5,.468,1.9,6.1,.302,5.4,9.4,.576,2.9,4.3,.667,1.1,7.4,8.6,1.1,1.3,0.7,2.0,5.7,19.2,103,112,
PJ Dozier,PG,23,DEN,5,0,77,12.2,25.0,.487,1.9,6.4,.300,10.3,18.6,.552,0.0,0.0,,0.6,6.4,7.1,6.4,0.0,0.0,2.6,6.4,26.3,104,113,
Goran Dragić,PG,33,MIA,34,1,951,9.6,21.2,.451,3.9,10.0,.392,5.7,11.2,.505,4.6,6.3,.730,0.8,4.6,5.3,8.7,1.0,0.4,4.6,3.2,27.6,109,112,
Andre Drummond,C,26,DET,42,41,1406,10.3,19.3,.531,0.0,0.7,.050,10.2,18.6,.549,4.4,7.4,.600,6.4,16.3,22.7,4.0,3.0,2.6,5.2,5.3,25.0,104,101,
Jared Dudley,SF,34,LAL,30,1,256,3.0,7.1,.421,2.4,5.0,.481,0.6,2.1,.273,0.4,0.4,1.000,0.6,4.7,5.2,3.4,1.7,0.4,1.1,6.4,8.8,120,108,
Kris Dunn,PG,25,CHI,46,27,1157,5.6,13.2,.428,1.2,4.4,.262,4.5,8.8,.512,1.5,2.1,.740,0.9,6.0,6.9,6.3,3.8,0.6,2.5,6.1,14.0,101,104,
Carsen Edwards,SG,21,BOS,28,0,279,5.5,17.3,.320,3.3,10.5,.311,2.2,6.7,.333,1.9,2.2,.846,0.9,6.1,6.9,3.8,1.7,0.3,2.6,4.1,16.2,91,107,
Henry Ellenson,PF,23,BRK,5,0,15,3.1,21.9,.143,0.0,12.5,.000,3.1,9.4,.333,0.0,0.0,,6.3,12.5,18.8,3.1,0.0,0.0,0.0,3.1,6.3,59,109,
Wayne Ellington,SG,32,NYK,23,1,330,4.7,14.5,.323,3.7,11.9,.309,1.0,2.6,.389,0.6,0.9,.667,0.3,5.3,5.6,3.4,1.2,0.3,2.1,3.2,13.7,92,116,
Joel Embiid,C,25,PHI,31,31,963,12.0,25.4,.472,1.9,5.9,.322,10.1,19.5,.518,10.6,12.7,.837,4.0,15.3,19.3,5.1,1.3,2.1,4.7,5.5,36.5,114,101,
James Ennis,SF,29,PHI,44,0,736,6.3,14.1,.444,2.4,6.7,.363,3.8,7.4,.518,3.2,4.0,.787,3.2,6.4,9.6,2.6,1.4,0.9,1.9,5.5,18.1,115,107,
Drew Eubanks,PF,22,SAS,7,0,38,11.3,17.6,.643,0.0,0.0,,11.3,17.6,.643,3.8,3.8,1.000,7.5,12.6,20.1,2.5,0.0,1.3,5.0,6.3,26.4,119,113,
Jacob Evans,SG,22,GSW,22,0,330,4.9,15.8,.312,1.5,4.2,.345,3.5,11.6,.300,2.8,3.3,.826,1.0,3.8,4.8,3.2,1.0,1.2,3.6,4.6,14.1,78,115,
Dante Exum,SG,24,TOT,22,0,279,6.3,12.9,.486,1.7,4.5,.385,4.5,8.4,.542,3.0,4.4,.680,0.5,5.2,5.8,3.8,1.0,0.7,3.7,3.7,17.3,102,114,
Tacko Fall,C,24,BOS,4,0,21,18.4,25.3,.727,0.0,0.0,,18.4,25.3,.727,2.3,6.9,.333,0.0,23.0,23.0,0.0,0.0,4.6,6.9,9.2,39.0,94,96,
Derrick Favors,C,28,NOP,26,24,628,8.7,13.9,.626,0.1,0.3,.250,8.6,13.6,.634,1.5,2.5,.588,6.4,13.1,19.5,3.9,1.2,2.1,2.4,4.5,18.9,126,109,
Cristiano Felício,PF,27,CHI,6,0,71,6.1,8.1,.750,0.0,0.0,,6.1,8.1,.750,2.0,2.0,1.000,6.1,5.4,11.5,2.7,0.7,0.0,1.4,2.7,14.2,155,112,
Terrance Ferguson,SF,21,OKC,36,36,935,3.4,8.6,.398,2.1,6.7,.320,1.3,2.0,.658,0.5,0.6,.818,1.0,2.1,3.1,1.8,1.1,0.6,1.4,6.0,9.5,102,113,
Bruno Fernando,C,21,ATL,40,9,490,6.3,12.8,.489,0.4,2.7,.143,5.9,10.2,.579,2.3,3.7,.615,4.7,7.7,12.3,3.6,1.3,1.3,3.2,6.9,15.2,104,112,
Yogi Ferrell,PG,26,SAC,33,0,408,7.1,16.5,.431,1.9,6.1,.314,5.2,10.3,.500,3.4,3.8,.875,0.6,4.2,4.8,5.9,1.3,0.4,2.3,3.0,19.5,110,114,
Dorian Finney-Smith,PF,26,DAL,43,40,1272,5.4,11.7,.463,2.6,6.8,.376,2.9,4.9,.581,1.8,2.6,.716,3.3,5.4,8.7,2.3,1.1,0.8,1.5,3.7,15.3,122,112,
Bryn Forbes,SG,26,SAS,43,42,1107,7.3,18.2,.403,4.3,11.7,.370,3.0,6.6,.461,2.2,2.6,.820,0.4,3.7,4.1,3.2,0.9,0.0,1.8,3.5,21.2,106,117,
Evan Fournier,SG,27,ORL,44,44,1380,10.5,22.1,.472,4.0,9.9,.406,6.4,12.3,.524,4.6,5.6,.816,0.2,3.8,4.0,5.2,1.6,0.3,3.2,3.9,29.5,112,110,
De'Aaron Fox,PG,22,SAC,26,24,815,11.0,23.2,.475,1.6,5.1,.306,9.4,18.0,.523,6.4,9.3,.690,1.3,5.3,6.6,11.2,2.3,0.7,5.2,4.7,30.0,109,111,
Melvin Frazier,SG,23,ORL,11,0,43,6.8,19.3,.353,4.5,8.0,.571,2.3,11.4,.200,2.3,4.5,.500,1.1,3.4,4.5,1.1,3.4,2.3,2.3,9.1,20.5,91,103,
Michael Frazier,SG,25,HOU,4,0,20,4.6,13.9,.333,2.3,11.6,.200,2.3,2.3,1.000,0.0,0.0,,2.3,4.6,7.0,2.3,2.3,0.0,0.0,9.3,11.6,105,110,
Tim Frazier,PG,29,DET,26,11,351,4.7,12.8,.366,1.4,4.1,.333,3.3,8.7,.381,2.6,3.3,.792,1.2,3.3,4.6,12.8,1.9,0.6,4.8,5.8,13.4,101,113,
Markelle Fultz,PG,21,ORL,44,39,1208,8.8,18.9,.464,0.8,3.1,.260,8.0,15.8,.504,2.8,3.8,.745,0.9,5.4,6.3,8.3,2.2,0.3,3.5,3.4,21.2,102,107,
Wenyen Gabriel,PF,22,SAC,11,0,61,4.8,13.7,.353,0.8,6.4,.125,4.0,7.2,.556,4.8,8.0,.600,3.2,4.8,8.0,2.4,2.4,1.6,4.0,5.6,15.3,87,110,
Daniel Gafford,C,21,CHI,32,4,411,7.8,11.6,.677,0.0,0.0,,7.8,11.6,.677,2.2,4.2,.528,4.4,4.6,9.0,1.6,1.1,4.9,1.8,7.0,17.9,127,106,
Danilo Gallinari,PF,31,OKC,38,38,1164,9.2,21.3,.433,4.9,11.9,.408,4.4,9.5,.465,6.8,7.5,.906,1.1,8.0,9.2,3.5,1.1,0.2,2.2,2.0,30.2,120,110,
Langston Galloway,SG,28,DET,45,6,1139,6.6,15.4,.430,3.7,9.6,.389,2.9,5.8,.496,2.6,3.0,.859,0.8,3.4,4.1,2.9,1.6,0.3,1.1,2.5,19.6,118,114,
Darius Garland,PG,20,CLE,44,44,1316,7.6,18.9,.399,3.0,8.4,.355,4.6,10.5,.435,1.9,2.2,.867,0.7,2.6,3.3,5.9,1.3,0.0,4.4,2.4,20.0,95,119,
Marc Gasol,C,35,TOR,32,32,891,4.8,11.4,.420,2.4,6.0,.402,2.4,5.4,.440,1.3,1.9,.714,1.3,9.6,10.9,6.0,1.5,1.7,2.3,5.0,13.3,110,102,
Rudy Gay,PF,33,SAS,40,5,889,8.2,18.3,.446,2.3,7.0,.331,5.9,11.3,.517,3.9,4.6,.847,2.2,10.2,12.4,3.8,1.0,1.2,3.1,3.1,22.5,106,112,
Paul George,SF,29,LAC,26,26,799,11.6,27.1,.429,5.5,14.0,.395,6.1,13.1,.464,7.0,7.7,.909,0.7,8.4,9.1,5.7,2.2,0.7,5.0,3.8,35.8,109,105,
Taj Gibson,C,34,NYK,42,36,697,7.0,12.7,.549,0.1,0.7,.200,6.8,12.0,.570,1.7,2.4,.735,5.2,7.4,12.6,2.9,1.5,1.1,2.4,6.4,15.8,115,112,
Harry Giles,PF,21,SAC,18,3,194,9.1,20.0,.456,0.0,0.0,,9.1,20.0,.456,3.0,3.5,.857,3.0,9.3,12.4,5.6,2.5,1.0,4.5,10.1,21.2,96,108,
Shai Gilgeous-Alexander,SG,21,OKC,45,45,1600,9.9,20.9,.474,1.6,4.7,.340,8.3,16.1,.513,5.7,6.9,.823,1.0,7.3,8.2,4.2,1.7,0.7,2.6,2.3,27.1,111,109,
Rudy Gobert,C,27,UTA,42,42,1438,8.6,12.6,.683,0.0,0.0,,8.6,12.6,.683,5.0,8.0,.618,5.2,15.3,20.5,2.4,1.0,2.8,2.7,4.3,22.1,130,100,
Brandon Goodwin,PG,24,ATL,16,1,205,8.6,21.6,.400,3.4,10.0,.341,5.2,11.6,.451,3.2,3.2,1.000,0.9,6.4,7.3,5.7,1.8,0.7,3.4,5.4,23.8,101,113,
Aaron Gordon,PF,24,ORL,39,39,1225,7.9,18.7,.424,1.8,6.0,.293,6.2,12.7,.486,3.2,4.7,.678,2.6,8.6,11.2,4.6,1.1,0.8,2.5,3.1,20.8,103,108,
Eric Gordon,SG,31,HOU,19,4,550,7.5,20.8,.360,4.9,14.2,.345,2.6,6.7,.392,2.2,3.5,.634,0.5,2.4,3.0,1.9,0.6,0.4,1.9,3.4,22.1,99,115,
Devonte' Graham,PG,24,CHO,45,35,1585,8.2,21.9,.376,5.1,13.3,.386,3.1,8.6,.361,4.6,5.6,.826,1.1,4.0,5.1,10.8,1.2,0.4,4.2,2.6,26.2,109,116,
Treveon Graham,SG,26,TOT,35,20,684,4.4,12.3,.356,1.4,5.9,.244,2.9,6.4,.457,1.9,2.7,.718,2.1,4.9,7.1,2.1,1.2,0.1,1.4,4.7,12.1,97,114,
Jerami Grant,PF,25,DEN,44,11,1081,7.5,16.1,.466,2.4,6.4,.374,5.1,9.7,.526,3.7,5.4,.686,1.5,5.3,6.9,1.9,1.1,1.5,1.6,4.0,21.1,113,110,
Josh Gray,PG,26,NOP,2,0,23,2.0,4.0,.500,0.0,0.0,,2.0,4.0,.500,0.0,0.0,,2.0,2.0,4.0,4.0,0.0,0.0,10.1,2.0,4.0,47,120,
Danny Green,SG,32,LAL,43,43,1079,6.0,14.1,.428,3.7,9.7,.381,2.3,4.4,.530,1.2,1.6,.703,1.3,5.5,6.8,2.5,2.3,0.9,1.6,4.2,16.9,112,106,
Draymond Green,PF,29,GSW,33,33,960,4.9,12.7,.384,1.3,4.9,.273,3.5,7.8,.455,2.6,3.4,.754,0.9,9.4,10.3,9.1,2.4,1.2,3.6,4.2,13.7,98,109,
JaMychal Green,PF,29,LAC,36,0,763,5.0,12.6,.400,2.9,8.5,.345,2.1,4.1,.515,1.7,2.1,.771,3.3,11.0,14.4,1.6,1.0,0.9,2.1,5.9,14.7,108,105,
Javonte Green,SF,26,BOS,35,0,293,7.1,13.7,.518,1.0,3.1,.316,6.1,10.5,.578,3.5,4.9,.700,1.8,6.7,8.6,2.1,2.3,0.8,1.8,4.3,18.6,115,105,
Jeff Green,PF,33,UTA,30,2,553,6.6,17.1,.385,3.0,9.1,.327,3.6,8.0,.451,4.3,5.5,.778,1.2,5.9,7.1,1.8,1.1,0.9,2.4,4.0,20.5,101,108,
Blake Griffin,PF,30,DET,18,18,512,8.3,23.7,.352,2.6,10.5,.243,5.8,13.2,.439,7.2,9.3,.776,1.6,6.3,8.0,5.6,0.7,0.7,3.8,2.6,26.4,97,114,
Marko Guduric,SG,24,MEM,29,0,398,5.5,15.0,.367,2.1,7.6,.277,3.4,7.4,.460,2.0,2.2,.895,1.4,5.1,6.5,4.4,1.1,0.8,3.4,3.0,15.1,91,115,
Kyle Guy,SG,22,SAC,1,0,3,0.0,16.3,.000,0.0,16.3,.000,0.0,0.0,,0.0,0.0,,0.0,0.0,0.0,0.0,0.0,0.0,0.0,0.0,0.0,0,120,
Rui Hachimura,PF,21,WAS,25,25,729,9.3,19.4,.482,0.6,3.1,.208,8.7,16.3,.533,2.9,3.5,.852,2.5,6.8,9.3,2.6,1.2,0.2,1.3,3.6,22.3,111,118,
Devon Hall,SG,24,OKC,5,0,20,2.4,12.2,.200,0.0,4.9,.000,2.4,7.3,.333,7.3,9.7,.750,0.0,2.4,2.4,7.3,0.0,0.0,2.4,2.4,12.2,86,116,
Tim Hardaway,SG,27,DAL,40,27,1047,9.3,21.6,.430,5.0,12.7,.392,4.3,8.9,.484,3.2,4.0,.782,0.7,4.7,5.5,3.1,1.2,0.2,1.5,3.3,26.7,116,113,
James Harden,SG,30,HOU,42,42,1559,13.2,29.9,.441,5.9,16.5,.360,7.3,13.4,.541,13.4,15.6,.859,1.4,6.4,7.8,9.2,2.1,1.1,5.8,4.0,45.8,121,109,
Maurice Harkless,SF,26,LAC,44,32,992,4.6,8.9,.516,0.9,2.8,.333,3.6,6.0,.602,1.1,2.0,.571,2.1,6.2,8.3,2.0,2.1,1.3,2.0,5.0,11.2,108,106,
Jared Harper,PG,22,PHO,1,0,2,0.0,23.5,.000,0.0,23.5,.000,0.0,0.0,,0.0,0.0,,0.0,0.0,0.0,0.0,0.0,0.0,0.0,0.0,0.0,0,119,
Montrezl Harrell,C,26,LAC,44,2,1266,12.8,22.4,.572,0.0,0.6,.000,12.8,21.8,.586,6.0,9.5,.629,4.6,7.1,11.7,2.8,1.1,1.8,3.1,3.7,31.6,117,107,
Gary Harris,SG,25,DEN,37,37,1217,6.2,14.7,.421,2.0,6.4,.316,4.2,8.3,.502,2.1,2.5,.823,0.8,3.3,4.1,3.3,2.2,0.4,1.5,3.5,16.5,106,110,
Joe Harris,SF,28,BRK,41,41,1302,7.7,16.7,.460,3.6,8.8,.408,4.1,7.9,.518,1.7,2.3,.734,1.3,4.8,6.2,3.1,1.0,0.4,2.2,3.6,20.7,111,111,
Tobias Harris,PF,27,PHI,46,46,1579,10.7,22.4,.477,2.5,7.0,.358,8.2,15.4,.532,3.4,4.3,.799,1.0,8.4,9.4,4.2,1.1,0.9,2.2,3.3,27.3,111,107,
Shaquille Harrison,SF,26,CHI,27,4,193,6.5,16.2,.400,1.0,3.7,.267,5.5,12.4,.440,4.5,6.5,.692,1.7,7.0,8.7,6.2,3.0,1.2,1.5,5.5,18.4,109,105,
Josh Hart,SF,24,NOP,38,11,1078,6.0,14.4,.414,3.5,10.0,.349,2.5,4.4,.564,2.1,2.8,.750,1.6,8.3,9.9,2.4,1.7,0.6,2.1,4.6,17.5,108,112,
Isaiah Hartenstein,C,21,HOU,19,2,242,7.9,11.5,.683,0.0,0.6,.000,7.9,10.9,.719,3.4,5.0,.692,4.8,11.1,15.9,3.1,1.5,2.3,2.5,7.1,19.2,133,105,
Udonis Haslem,PF,39,MIA,2,0,11,4.4,4.4,1.000,0.0,0.0,,4.4,4.4,1.000,13.3,17.8,.750,0.0,13.3,13.3,0.0,0.0,0.0,0.0,13.3,22.2,191,109,
Jaxson Hayes,C,19,NOP,42,12,833,7.7,11.5,.668,0.1,0.2,.250,7.6,11.2,.677,5.1,8.1,.634,4.1,6.9,11.1,2.3,1.2,2.7,1.9,6.9,20.5,133,111,
Gordon Hayward,SF,29,BOS,27,27,861,9.8,19.2,.510,2.2,6.0,.364,7.6,13.2,.576,2.6,3.0,.868,1.4,7.4,8.9,6.2,1.1,0.6,2.5,2.7,24.4,119,108,
John Henson,PF,29,CLE,21,1,277,7.6,14.4,.524,0.5,3.3,.158,7.0,11.1,.635,2.3,4.6,.500,3.9,10.2,14.1,5.3,2.1,4.4,2.6,5.6,17.9,112,107,
Dewan Hernandez,C,23,TOR,4,0,11,4.3,21.7,.200,0.0,4.3,.000,4.3,17.4,.250,8.7,8.7,1.000,8.7,21.7,30.4,0.0,4.3,0.0,4.3,26.0,17.4,80,89,
Juan Hernangómez,PF,24,DEN,29,0,342,4.2,12.1,.345,1.9,7.2,.260,2.3,4.9,.471,1.4,2.7,.526,2.2,7.9,10.1,2.7,0.4,0.4,1.9,3.0,11.7,93,111,
Willy Hernangómez,C,25,CHO,16,0,119,12.1,20.5,.592,1.7,4.6,.364,10.4,15.9,.658,5.0,10.4,.480,6.7,11.7,18.4,2.1,0.4,1.7,4.6,3.3,30.9,109,112,
Tyler Herro,SG,20,MIA,41,3,1137,8.4,20.1,.419,3.8,9.5,.403,4.6,10.6,.433,2.5,3.0,.855,0.6,6.8,7.3,3.7,1.2,0.1,3.0,2.3,23.2,101,110,
Kevin Hervey,PF,23,OKC,4,0,9,0.0,21.6,.000,0.0,16.2,.000,0.0,5.4,.000,0.0,0.0,,0.0,10.8,10.8,5.4,0.0,0.0,0.0,5.4,0.0,17,111,
Mario Hezonja,PF,24,POR,33,4,551,4.5,11.3,.397,1.1,3.6,.310,3.4,7.7,.438,3.0,3.5,.854,1.8,9.3,11.1,2.3,1.7,0.3,2.4,6.5,13.1,100,111,
Buddy Hield,SG,27,SAC,44,44,1513,10.4,25.1,.416,5.1,14.0,.360,5.4,11.0,.487,2.6,3.2,.816,1.3,5.9,7.2,4.6,1.3,0.5,3.7,3.8,28.5,103,113,
George Hill,PG,33,MIL,42,0,883,7.6,14.0,.544,3.4,6.3,.533,4.3,7.7,.554,2.6,3.3,.810,2.0,4.7,6.7,6.6,1.6,0.2,1.9,3.0,21.3,136,105,
Solomon Hill,SF,28,MEM,42,2,792,5.1,12.7,.403,2.9,7.9,.373,2.2,4.8,.451,1.3,1.8,.710,1.3,6.3,7.6,4.8,1.8,0.4,1.9,3.4,14.4,108,113,
Jaylen Hoard,SF,20,POR,12,0,94,6.6,14.7,.448,0.0,1.5,.000,6.6,13.2,.500,3.0,5.6,.545,6.6,8.6,15.2,2.0,2.5,0.0,2.0,5.1,16.2,107,110,
Aaron Holiday,PG,23,IND,43,18,995,8.0,19.2,.417,3.1,7.7,.408,4.9,11.5,.423,2.3,2.7,.870,0.8,4.1,4.9,7.3,1.6,0.4,2.9,3.9,21.5,105,110,
Jrue Holiday,SG,29,NOP,36,36,1279,10.3,23.2,.443,2.7,7.7,.355,7.5,15.5,.486,2.8,3.8,.724,1.7,4.6,6.3,8.2,2.2,1.0,4.0,2.8,26.0,105,112,
Justin Holiday,SG,30,IND,45,2,1138,5.5,12.9,.423,3.5,8.4,.415,2.0,4.5,.438,1.3,1.6,.789,0.8,5.8,6.5,2.8,1.9,1.2,1.0,3.4,15.7,114,107,
Rondae Hollis-Jefferson,SF,25,TOR,36,2,722,6.9,14.7,.471,0.1,0.9,.143,6.8,13.8,.493,4.8,6.5,.737,5.2,7.1,12.3,4.2,2.2,0.9,2.4,5.0,18.8,115,103,
Richaun Holmes,C,26,SAC,37,33,1087,9.2,13.9,.660,0.0,0.0,,9.2,13.9,.660,3.4,4.2,.817,5.1,9.1,14.2,1.7,1.8,2.3,2.1,6.5,21.8,133,108,
Rodney Hood,SF,27,POR,21,21,619,6.7,13.2,.506,2.7,5.5,.493,4.0,7.8,.515,1.6,2.1,.778,0.8,4.8,5.5,2.5,1.3,0.3,1.5,3.5,17.7,120,115,
Al Horford,C,33,PHI,42,42,1303,8.0,17.9,.449,2.1,6.7,.318,5.9,11.2,.526,1.3,1.9,.700,2.6,7.8,10.4,6.2,1.5,1.5,1.7,3.5,19.5,113,106,
Talen Horton-Tucker,SG,19,LAL,2,0,5,0.0,9.6,.000,0.0,9.6,.000,0.0,0.0,,0.0,0.0,,0.0,0.0,0.0,19.1,9.6,0.0,0.0,0.0,0.0,92,94,
Danuel House,SF,26,HOU,37,29,1120,5.3,12.6,.424,3.0,8.2,.364,2.4,4.4,.538,1.7,2.3,.750,1.6,4.4,6.0,1.8,1.4,0.8,1.4,3.4,15.4,114,112,
Dwight Howard,C,34,LAL,44,0,884,7.4,10.2,.723,0.2,0.3,.600,7.2,9.9,.727,3.2,6.5,.496,6.1,12.3,18.3,1.7,1.0,3.5,3.0,8.0,18.1,125,101,
Kevin Huerter,SG,21,ATL,34,26,953,6.8,16.7,.408,3.5,9.0,.391,3.3,7.8,.428,1.9,2.2,.826,1.0,6.1,7.1,5.6,1.5,0.8,2.9,3.7,19.0,104,114,
De'Andre Hunter,SF,22,ATL,44,43,1365,6.5,16.3,.400,2.4,7.1,.332,4.2,9.2,.452,2.5,3.3,.763,0.8,4.9,5.7,2.7,1.0,0.4,2.5,4.1,17.9,96,116,
Chandler Hutchison,SF,23,CHI,19,6,303,6.2,13.6,.453,1.3,2.9,.444,4.9,10.8,.456,4.6,7.5,.617,0.6,9.0,9.7,2.1,2.9,0.8,3.0,4.6,18.2,97,104,
Serge Ibaka,C,30,TOR,34,14,901,10.8,21.6,.501,1.7,4.7,.371,9.1,16.9,.538,3.4,4.6,.744,3.8,11.2,15.0,2.3,0.9,1.5,3.6,5.0,26.8,106,103,
Ersan İlyasova,PF,32,MIL,41,4,682,7.8,15.6,.498,2.6,6.8,.373,5.2,8.8,.595,3.6,4.3,.828,3.2,11.5,14.8,2.7,1.1,0.9,1.5,4.2,21.7,125,101,
Joe Ingles,SF,32,UTA,44,24,1314,6.2,13.7,.451,3.6,8.5,.422,2.6,5.2,.500,1.7,2.2,.783,0.6,6.3,6.9,8.1,1.5,0.2,3.1,3.3,17.7,116,108,
Brandon Ingram,PF,22,NOP,40,40,1386,11.8,25.0,.471,3.3,8.4,.394,8.5,16.6,.510,7.4,8.7,.853,1.2,7.7,8.9,5.8,1.2,1.1,4.1,3.9,34.3,114,113,
Kyrie Irving,PG,27,BRK,15,15,491,14.0,30.4,.459,3.6,10.0,.362,10.3,20.4,.507,6.5,7.1,.919,1.5,6.1,7.7,9.9,2.0,0.8,3.2,3.5,38.1,117,108,
Jonathan Isaac,SF,22,ORL,32,32,949,7.7,16.6,.463,1.5,4.7,.330,6.1,11.9,.515,2.9,3.8,.767,2.9,8.5,11.4,2.3,2.6,4.0,2.4,4.1,19.8,105,100,
Wesley Iwundu,SF,25,ORL,31,10,569,4.2,11.8,.358,0.9,3.4,.250,3.4,8.3,.402,3.6,4.5,.808,1.5,5.7,7.2,2.6,1.7,0.9,1.4,4.2,12.9,100,108,
Frank Jackson,PG,21,NOP,36,1,498,7.4,18.7,.395,2.6,8.6,.304,4.8,10.1,.472,3.2,4.1,.773,1.2,3.2,4.4,2.7,1.2,0.2,3.0,4.7,20.6,96,116,
Jaren Jackson,C,20,MEM,43,43,1204,10.7,22.5,.476,4.4,10.7,.406,6.3,11.7,.539,3.6,4.8,.752,1.7,6.2,8.0,2.4,1.1,2.5,2.8,6.8,29.4,110,112,
Justin Jackson,PF,24,DAL,38,2,611,6.9,16.9,.410,2.7,8.7,.312,4.2,8.2,.515,1.8,2.2,.821,1.3,6.1,7.3,1.8,0.7,0.4,0.6,3.7,18.4,111,113,
Reggie Jackson,PG,29,DET,3,2,55,10.6,22.0,.480,3.5,10.6,.333,7.0,11.5,.615,3.5,3.5,1.000,0.9,6.2,7.0,10.6,1.8,0.0,1.8,1.8,28.2,129,113,
Justin James,SG,23,SAC,25,0,205,6.7,16.7,.400,1.9,5.7,.333,4.8,11.0,.435,1.0,3.1,.308,1.0,5.7,6.7,3.3,1.4,2.2,1.9,3.6,16.3,92,111,
LeBron James,PG,35,LAL,42,42,1462,13.2,26.9,.492,2.8,8.3,.343,10.4,18.6,.559,5.2,7.5,.694,1.4,9.0,10.4,14.8,1.9,0.7,5.2,2.4,34.5,116,105,
Amile Jefferson,PF,26,ORL,15,0,70,3.5,9.1,.385,0.0,0.0,,3.5,9.1,.385,2.8,8.4,.333,5.6,9.1,14.7,2.8,0.0,2.1,2.1,4.9,9.8,92,108,
DaQuan Jeffries,SG,22,SAC,3,0,12,4.1,12.3,.333,0.0,4.1,.000,4.1,8.2,.500,0.0,0.0,,4.1,0.0,4.1,4.1,0.0,0.0,0.0,12.3,8.2,101,120,
Ty Jerome,PG,22,PHO,14,0,153,5.2,16.3,.321,1.8,6.5,.286,3.4,9.8,.344,1.2,1.5,.800,1.2,4.9,6.1,7.4,3.7,0.6,2.8,4.9,13.5,89,107,
Alize Johnson,SF,23,IND,11,0,46,7.4,14.9,.500,0.0,0.0,,7.4,14.9,.500,4.2,6.4,.667,6.4,9.6,15.9,2.1,0.0,0.0,1.1,6.4,19.1,121,110,
B.J. Johnson,SF,24,ORL,4,0,38,6.4,18.0,.357,1.3,6.4,.200,5.1,11.6,.444,0.0,0.0,,1.3,3.9,5.1,2.6,2.6,0.0,3.9,0.0,14.2,73,108,
Cameron Johnson,PF,23,PHO,38,0,754,6.4,15.2,.420,4.1,10.4,.398,2.2,4.8,.468,1.7,2.2,.750,2.2,5.1,7.2,2.2,1.1,0.7,1.5,3.5,18.5,112,113,
James Johnson,PF,32,MIA,14,0,230,7.7,14.5,.529,3.4,7.4,.457,4.3,7.0,.606,1.7,3.0,.571,1.5,7.2,8.7,2.8,0.6,2.3,2.1,5.7,20.4,118,108,
Keldon Johnson,SF,20,SAS,2,0,7,6.8,27.3,.250,0.0,0.0,,6.8,27.3,.250,0.0,0.0,,0.0,13.7,13.7,0.0,0.0,0.0,0.0,0.0,13.7,54,114,
Stanley Johnson,PF,23,TOR,14,0,73,4.6,17.0,.269,1.3,7.8,.167,3.3,9.2,.357,2.0,2.6,.750,2.0,7.8,9.8,2.6,2.0,0.7,4.6,4.6,12.4,67,104,
Tyler Johnson,SG,27,PHO,28,3,473,5.9,15.6,.376,2.0,7.4,.270,3.9,8.3,.470,2.2,3.0,.733,1.0,4.1,5.1,4.7,1.0,0.7,2.2,3.8,15.9,96,114,
Nikola Jokić,C,24,DEN,44,44,1390,11.8,23.1,.509,2.0,6.1,.327,9.8,17.0,.574,4.8,6.2,.782,3.7,11.9,15.6,10.1,1.5,0.9,4.3,4.8,30.4,117,106,
Damian Jones,C,24,ATL,40,20,646,6.8,9.8,.691,0.1,0.4,.333,6.6,9.4,.708,3.3,4.6,.719,3.7,6.3,10.0,1.7,1.1,2.3,1.6,8.4,17.0,136,112,
Derrick Jones,SF,22,MIA,30,2,728,6.2,13.2,.472,1.2,5.2,.234,5.0,8.1,.625,3.4,4.4,.773,1.6,6.8,8.4,1.8,2.1,1.4,1.5,4.6,17.1,112,107,
Tyus Jones,PG,23,MEM,44,6,833,6.4,14.5,.440,1.3,3.9,.348,5.0,10.6,.474,1.3,1.8,.750,0.3,3.6,3.9,11.3,2.1,0.3,2.3,1.7,15.4,112,114,
DeAndre Jordan,C,31,BRK,37,4,777,7.3,11.1,.656,0.0,0.0,,7.3,11.1,.656,3.3,4.9,.679,5.3,16.5,21.8,4.4,0.9,2.1,2.9,4.4,17.8,127,102,
Cory Joseph,PG,28,SAC,44,20,1105,4.7,11.9,.398,1.2,3.9,.318,3.5,8.0,.436,1.6,1.9,.833,1.0,4.1,5.1,6.7,1.4,0.6,2.2,4.0,12.3,104,114,
Mfiondu Kabengele,C,22,LAC,10,0,44,10.6,23.4,.455,6.4,12.8,.500,4.3,10.6,.400,3.2,3.2,1.000,1.1,7.5,8.5,1.1,1.1,1.1,1.1,6.4,30.9,123,107,
Frank Kaminsky,C,26,PHO,32,13,718,8.3,18.3,.455,2.6,7.3,.348,5.8,10.9,.527,3.9,5.8,.670,2.0,8.4,10.4,4.7,0.9,0.7,2.2,4.5,23.1,111,112,
Enes Kanter,C,27,BOS,36,4,667,10.7,17.8,.602,0.1,0.4,.200,10.6,17.4,.610,3.3,4.8,.682,7.7,13.5,21.3,2.7,1.2,2.3,2.8,4.9,24.7,125,102,
Luke Kennard,SG,23,DET,28,25,922,7.9,18.0,.442,3.8,9.6,.399,4.1,8.4,.491,3.5,3.9,.893,0.5,4.7,5.2,6.0,0.6,0.3,2.3,3.4,23.2,117,115,
Stanton Kidd,SF,27,UTA,4,0,15,0.0,9.7,.000,0.0,3.2,.000,0.0,6.5,.000,0.0,0.0,,0.0,9.7,9.7,3.2,0.0,0.0,6.5,9.7,0.0,13,109,
Michael Kidd-Gilchrist,PF,26,CHO,12,0,160,5.6,16.5,.340,1.6,5.3,.294,4.0,11.2,.361,2.2,2.8,.778,2.8,8.1,10.9,3.1,0.0,0.9,2.2,5.6,14.9,91,116,
Louis King,SF,20,DET,5,0,13,11.2,26.1,.429,3.7,11.2,.333,7.5,14.9,.500,0.0,0.0,,3.7,7.5,11.2,3.7,3.7,0.0,3.7,11.2,26.1,97,107,
Maxi Kleber,C,28,DAL,42,10,1060,6.0,12.8,.466,3.2,8.0,.394,2.8,4.8,.587,2.4,2.7,.881,2.9,7.5,10.4,2.0,0.6,1.8,1.6,4.4,17.5,125,111,
Brandon Knight,PG,28,CLE,16,0,241,5.7,17.4,.326,3.8,12.9,.297,1.8,4.4,.409,0.8,2.6,.308,0.6,3.4,4.0,6.3,1.0,0.4,3.2,4.0,16.0,89,118,
Kevin Knox,SF,20,NYK,44,4,840,6.3,16.9,.377,2.9,8.7,.338,3.4,8.1,.418,3.1,4.8,.651,1.0,7.0,8.0,2.7,1.2,1.0,1.7,4.0,18.8,101,114,
John Konchar,SG,23,MEM,2,0,8,0.0,0.0,,0.0,0.0,,0.0,0.0,,0.0,0.0,,0.0,5.8,5.8,0.0,0.0,0.0,0.0,0.0,0.0,,118,
Furkan Korkmaz,SG,22,PHI,45,11,931,7.6,17.5,.436,4.2,10.7,.395,3.4,6.8,.500,1.5,2.2,.690,0.5,4.6,5.1,1.9,1.2,0.5,1.5,3.3,21.0,108,109,
Luke Kornet,C,24,CHI,26,4,328,6.3,16.1,.391,2.9,10.4,.282,3.4,5.7,.590,1.9,2.3,.813,1.6,5.6,7.2,3.1,1.0,3.1,1.2,4.7,17.4,107,108,
Kyle Korver,SF,38,MIL,39,0,652,5.8,13.3,.432,4.6,10.5,.433,1.2,2.8,.425,1.5,1.8,.846,0.6,4.6,5.2,3.3,1.3,0.5,2.2,3.3,17.6,113,105,
Rodions Kurucs,PF,21,BRK,27,4,359,5.6,12.0,.467,2.4,5.4,.439,3.3,6.7,.490,1.6,2.6,.600,1.8,7.1,8.9,3.1,1.4,0.3,3.7,6.8,15.2,99,109,
Kyle Kuzma,PF,24,LAL,35,6,869,9.3,21.7,.429,3.1,9.2,.335,6.2,12.5,.498,3.5,4.8,.736,1.5,6.2,7.7,2.0,0.6,0.8,2.9,3.4,25.2,101,109,
Skal Labissière,C,23,POR,33,1,567,6.8,12.3,.551,0.3,1.1,.231,6.5,11.2,.582,2.1,2.8,.758,5.5,8.7,14.2,3.5,0.6,2.6,2.5,7.5,15.9,120,111,
Jeremy Lamb,SG,27,IND,34,34,976,8.0,18.4,.436,1.9,6.2,.306,6.1,12.2,.502,3.5,4.1,.864,1.0,7.0,8.0,3.9,2.1,0.9,2.1,3.8,21.4,105,106,
Romeo Langford,SG,20,BOS,12,0,110,4.4,9.6,.455,0.9,3.9,.222,3.5,5.7,.615,3.1,3.5,.875,2.2,2.6,4.8,0.9,1.3,0.9,0.9,3.1,12.7,120,110,
Zach LaVine,SG,24,CHI,46,46,1570,12.1,27.3,.445,4.3,11.1,.390,7.8,16.2,.482,6.5,7.9,.826,1.0,5.7,6.7,5.4,2.0,0.7,4.5,3.1,35.2,107,108,
Jake Layman,PF,25,MIN,14,2,369,7.7,16.8,.462,2.4,6.9,.352,5.3,9.9,.538,0.8,1.3,.600,1.5,3.7,5.2,1.4,1.5,1.3,2.3,3.9,18.7,99,112,
T.J. Leaf,PF,22,IND,22,1,180,7.6,17.9,.424,1.4,3.8,.357,6.2,14.1,.442,1.6,2.7,.600,5.4,10.9,16.3,1.6,1.9,0.8,1.6,4.6,18.2,103,104,
Jalen Lecque,PG,19,PHO,1,0,2,0.0,23.5,.000,0.0,0.0,,0.0,23.5,.000,0.0,0.0,,0.0,0.0,0.0,0.0,0.0,0.0,0.0,0.0,0.0,0,119,
Courtney Lee,SG,34,DAL,10,3,80,7.9,14.0,.565,4.3,7.3,.583,3.7,6.7,.545,0.0,0.0,,0.0,3.0,3.0,1.8,0.0,1.2,1.2,3.7,20.1,130,115,
Damion Lee,SG,27,GSW,30,17,831,7.0,17.4,.404,2.2,6.6,.339,4.8,10.8,.444,4.5,5.1,.876,1.5,7.7,9.2,4.4,1.6,0.2,2.5,3.7,20.8,105,113,
Alex Len,C,26,ATL,39,9,731,9.0,16.4,.553,0.9,3.6,.250,8.1,12.8,.637,3.2,5.2,.630,4.3,10.1,14.4,2.7,1.2,1.9,2.5,5.9,22.2,115,110,
Kawhi Leonard,SF,28,LAC,34,34,1095,13.9,29.9,.466,2.8,7.8,.355,11.2,22.1,.505,8.8,9.9,.888,1.6,9.2,10.7,7.2,2.9,0.9,4.7,2.9,39.5,113,102,
Meyers Leonard,PF,27,MIA,44,44,886,5.6,10.8,.523,2.5,5.7,.433,3.1,5.0,.626,0.9,1.3,.696,1.4,10.6,12.0,2.9,0.7,0.8,1.7,5.0,14.6,119,108,
Caris LeVert,SG,25,BRK,17,9,471,9.7,24.3,.398,2.4,6.7,.358,7.3,17.7,.412,3.5,5.6,.625,1.7,5.3,7.0,5.9,1.1,0.2,4.9,3.0,25.2,91,111,
Damian Lillard,PG,29,POR,43,43,1586,11.2,25.2,.446,4.6,12.5,.368,6.6,12.7,.524,8.9,10.0,.886,0.6,4.7,5.3,9.8,1.3,0.4,3.6,2.3,36.0,123,115,
Nassir Little,PF,19,POR,34,5,422,4.7,12.2,.389,0.9,4.6,.195,3.8,7.6,.507,2.4,3.7,.636,2.8,7.3,10.1,2.0,1.0,1.4,1.5,5.9,12.7,101,113,
Kevon Looney,C,23,GSW,10,3,105,5.0,14.6,.344,0.5,0.9,.500,4.6,13.7,.333,1.4,2.3,.600,6.8,6.4,13.2,1.8,1.4,0.9,2.7,7.8,11.9,88,113,
Brook Lopez,C,31,MIL,43,43,1130,6.4,15.4,.412,2.4,8.2,.296,3.9,7.2,.545,2.5,2.9,.859,1.1,7.1,8.2,2.7,1.3,4.5,1.5,3.8,17.6,106,98,
Robin Lopez,C,31,MIL,42,2,600,7.5,14.6,.510,1.3,4.8,.270,6.2,9.8,.628,1.5,3.0,.513,3.1,5.7,8.8,2.1,0.5,2.2,2.8,4.0,17.8,104,104,
Kevin Love,PF,31,CLE,37,37,1159,8.9,19.7,.451,3.7,10.0,.367,5.2,9.7,.537,5.5,6.5,.844,1.3,14.4,15.8,4.5,0.9,0.6,4.2,2.4,26.9,110,112,
Kyle Lowry,PG,33,TOR,33,33,1224,7.7,18.9,.408,3.8,11.0,.348,3.9,7.9,.493,6.4,7.6,.851,0.7,5.0,5.8,9.7,1.5,0.5,3.7,4.0,25.7,116,107,
Timothé Luwawu-Cabarrot,SG,24,BRK,20,0,341,5.0,11.6,.429,2.3,5.9,.395,2.6,5.7,.463,2.3,3.2,.739,1.2,5.2,6.5,1.8,1.4,0.1,2.6,5.4,14.6,101,110,
Trey Lyles,PF,24,SAS,43,33,750,5.0,12.0,.413,2.0,6.0,.330,3.0,6.1,.495,1.0,1.4,.682,3.3,12.5,15.8,3.3,0.8,1.0,1.7,3.8,12.9,108,111,
Daryl Macon,SG,24,MIA,4,0,14,3.5,10.5,.333,3.5,7.0,.500,0.0,3.5,.000,0.0,0.0,,0.0,0.0,0.0,3.5,0.0,0.0,7.0,3.5,10.5,65,117,
Josh Magette,PG,30,ORL,8,0,38,6.4,19.3,.333,1.3,5.1,.250,5.1,14.2,.364,1.3,2.6,.500,1.3,6.4,7.7,6.4,3.9,1.3,6.4,5.1,15.4,71,102,
Ian Mahinmi,C,33,WAS,23,20,520,6.4,12.4,.514,0.4,1.6,.278,5.9,10.8,.550,4.2,7.0,.603,4.8,7.7,12.6,3.1,1.9,3.0,3.0,6.4,17.4,111,112,
Thon Maker,C,22,DET,42,4,467,5.2,10.2,.510,1.1,3.2,.355,4.0,7.0,.582,5.3,8.1,.654,2.9,6.5,9.4,1.9,1.5,2.5,3.0,6.4,16.8,111,110,
Terance Mann,SG,23,LAC,28,6,235,4.2,9.6,.438,0.4,2.0,.200,3.8,7.6,.500,1.8,2.4,.750,0.8,4.6,5.4,6.2,1.2,1.0,2.8,5.8,10.6,101,109,
Boban Marjanović,C,31,DAL,22,1,224,12.8,22.8,.562,0.4,1.5,.286,12.4,21.3,.582,4.6,6.5,.700,6.7,15.4,22.2,1.7,0.9,1.1,3.9,7.8,30.6,114,106,
Lauri Markkanen,PF,22,CHI,46,46,1395,8.0,18.9,.424,3.5,10.1,.344,4.5,8.8,.516,4.2,5.1,.826,2.0,8.3,10.3,2.4,1.3,0.8,2.7,3.2,23.8,107,108,
Caleb Martin,SF,24,CHO,5,0,32,4.7,15.5,.300,0.0,4.7,.000,4.7,10.9,.429,4.7,7.8,.600,1.6,6.2,7.8,4.7,1.6,3.1,4.7,4.7,14.0,75,111,
Cody Martin,SF,24,CHO,32,0,457,4.6,11.6,.393,0.9,4.5,.195,3.7,7.2,.515,3.2,4.6,.690,2.1,6.4,8.5,4.0,2.4,0.7,2.1,4.9,13.2,102,111,
Kelan Martin,SF,24,MIN,17,3,295,6.2,17.3,.358,2.4,9.1,.263,3.8,8.3,.462,0.8,0.8,1.000,0.8,8.4,9.2,1.4,0.5,0.8,1.0,5.1,15.6,92,112,
Frank Mason,PG,25,MIL,4,0,18,2.5,17.8,.143,2.5,10.2,.250,0.0,7.6,.000,5.1,10.2,.500,2.5,2.5,5.1,12.7,2.5,0.0,2.5,5.1,12.7,86,104,
Garrison Mathews,SG,23,WAS,15,0,196,5.5,11.9,.460,4.3,10.0,.429,1.2,1.9,.625,6.9,7.6,.906,1.4,4.0,5.5,2.4,0.7,0.2,1.7,6.2,22.1,139,120,
Wesley Matthews,SG,33,MIL,42,42,1021,4.7,11.6,.405,2.9,7.9,.367,1.8,3.7,.488,1.5,2.0,.756,0.4,4.2,4.6,2.7,1.3,0.3,1.3,2.7,13.9,109,106,
Patrick McCaw,SF,24,TOR,23,11,584,4.2,9.5,.440,1.3,3.9,.333,2.9,5.6,.515,0.6,0.7,.778,0.9,3.1,4.0,4.7,2.2,0.3,1.9,3.2,10.2,105,107,
CJ McCollum,SG,28,POR,42,42,1495,11.4,25.2,.453,3.5,9.2,.378,8.0,16.1,.495,2.4,3.0,.789,0.9,4.5,5.4,5.1,1.1,0.9,2.3,3.3,28.7,109,115,
T.J. McConnell,PG,27,IND,43,1,822,7.9,15.1,.524,0.2,0.7,.364,7.7,14.4,.531,1.2,1.6,.778,1.2,5.6,6.8,13.9,1.8,0.4,3.6,2.7,17.3,115,108,
Jalen McDaniels,PF,22,CHO,2,0,7,14.2,35.5,.400,0.0,7.1,.000,14.2,28.4,.500,0.0,0.0,,7.1,0.0,7.1,0.0,0.0,0.0,0.0,0.0,28.4,90,122,
Doug McDermott,PF,28,IND,45,0,939,8.8,18.6,.475,4.3,9.8,.441,4.5,8.8,.512,1.4,1.8,.794,1.1,5.3,6.3,2.7,0.3,0.2,1.5,4.1,23.4,115,112,
JaVale McGee,C,32,LAL,44,44,749,9.0,13.9,.647,0.2,0.3,.600,8.8,13.6,.648,2.3,3.7,.621,5.6,11.0,16.5,2.0,1.5,4.8,2.2,6.8,20.5,128,99,
Rodney McGruder,SG,28,LAC,33,3,574,3.8,9.9,.388,1.5,5.4,.273,2.4,4.5,.527,0.8,1.6,.500,1.8,6.2,8.0,1.9,1.5,0.6,1.1,4.6,10.0,101,108,
Alfonzo McKinnie,SF,27,CLE,29,1,379,5.5,13.4,.413,1.2,5.3,.220,4.4,8.1,.540,1.5,2.2,.706,3.0,6.9,9.9,1.2,1.9,0.6,2.2,5.9,13.8,96,114,
Jordan McLaughlin,PG,23,MIN,10,0,162,4.9,14.5,.340,2.3,7.5,.308,2.6,6.9,.375,1.7,2.3,.750,0.6,4.6,5.2,8.7,2.3,0.0,1.7,2.6,13.9,105,112,
Ben McLemore,SG,26,HOU,43,14,1029,6.5,15.4,.421,4.8,13.0,.370,1.7,2.4,.698,1.6,2.0,.800,0.7,4.0,4.7,1.8,1.3,0.5,1.7,4.1,19.4,114,113,
Jordan McRae,SG,28,WAS,27,4,618,9.6,22.6,.425,3.0,7.5,.400,6.6,15.0,.437,4.5,5.8,.779,1.3,6.0,7.3,5.9,1.4,1.0,2.7,4.3,26.7,108,117,
Nicolò Melli,C,29,NOP,34,5,512,5.9,13.6,.436,2.8,8.5,.333,3.1,5.1,.607,2.7,3.4,.811,1.5,5.7,7.3,3.1,1.8,0.6,2.4,5.5,17.4,110,113,
De'Anthony Melton,PG,21,MEM,33,0,585,7.4,16.1,.460,1.4,4.8,.300,6.0,11.3,.528,4.5,5.2,.862,1.9,8.0,9.9,8.0,3.5,1.0,4.0,4.9,20.7,109,107,
Chimezie Metu,PF,22,SAS,11,0,41,15.2,25.6,.591,0.0,0.0,,15.2,25.6,.591,4.7,7.0,.667,9.3,10.5,19.8,3.5,1.2,3.5,1.2,1.2,35.0,131,108,
Khris Middleton,SF,28,MIL,38,35,1081,11.6,23.1,.500,3.5,8.3,.421,8.0,14.8,.544,4.7,5.3,.889,1.3,7.9,9.1,6.2,1.6,0.3,3.2,3.5,31.4,118,103,
C.J. Miles,SG,32,WAS,10,0,161,5.5,17.1,.322,3.2,10.1,.314,2.3,6.9,.333,4.3,5.8,.750,1.2,2.3,3.5,3.5,2.9,1.2,1.2,4.1,18.5,103,115,
Malcolm Miller,SF,26,TOR,21,1,115,2.9,8.3,.350,2.1,6.2,.333,0.8,2.1,.400,0.4,2.5,.167,0.4,5.4,5.8,3.3,1.7,0.8,1.2,4.6,8.3,93,106,
Patty Mills,PG,31,SAS,43,1,997,8.2,18.7,.438,4.7,12.0,.396,3.5,6.7,.514,2.7,3.4,.803,0.6,2.7,3.3,4.1,1.6,0.2,1.9,3.0,23.9,114,116,
Paul Millsap,PF,34,DEN,32,32,798,8.2,17.5,.468,1.9,4.6,.413,6.3,12.8,.488,5.3,5.9,.885,4.0,7.6,11.5,2.8,1.7,1.4,2.6,5.6,23.5,117,107,
Shake Milton,SG,23,PHI,13,0,124,7.4,20.4,.365,3.1,11.0,.286,4.3,9.4,.458,3.9,5.1,.769,1.2,6.3,7.4,4.3,0.4,0.4,5.5,7.4,21.9,87,110,
Donovan Mitchell,SG,23,UTA,43,43,1473,13.0,28.0,.462,3.3,9.1,.365,9.6,18.9,.510,5.7,6.7,.856,1.1,4.9,6.0,6.0,1.6,0.4,3.4,3.3,35.0,112,108,
Naz Mitrou-Long,SG,26,IND,3,0,43,6.8,18.2,.375,2.3,12.5,.182,4.5,5.7,.800,0.0,0.0,,0.0,6.8,6.8,8.0,1.1,1.1,2.3,1.1,15.9,94,108,
Adam Mokoka,SG,21,CHI,2,0,6,0.0,40.0,.000,0.0,16.0,.000,0.0,24.0,.000,0.0,0.0,,16.0,0.0,16.0,0.0,0.0,0.0,0.0,0.0,0.0,31,117,
Malik Monk,SG,21,CHO,43,0,828,8.4,19.6,.429,2.2,8.8,.252,6.2,10.7,.575,2.8,3.5,.780,1.1,5.6,6.7,5.0,1.1,0.6,3.2,3.5,21.8,100,115,
Matt Mooney,SG,22,CLE,1,0,3,16.2,32.5,.500,0.0,16.2,.000,16.2,16.2,1.000,0.0,0.0,,0.0,16.2,16.2,16.2,0.0,16.2,0.0,0.0,32.5,124,93,
E'Twaun Moore,SG,30,NOP,33,5,701,8.8,20.9,.422,3.2,8.2,.387,5.6,12.7,.445,1.4,2.3,.618,1.5,5.0,6.5,3.9,1.3,0.3,1.7,3.6,22.3,105,115,
Ja Morant,PG,20,MEM,38,38,1132,10.3,21.1,.487,1.4,3.5,.400,8.9,17.6,.505,5.3,6.6,.807,1.0,4.4,5.3,10.9,1.6,0.5,5.1,2.6,27.3,109,114,
Juwan Morgan,PF,22,UTA,10,0,42,3.5,6.9,.500,1.2,4.6,.250,2.3,2.3,1.000,0.0,0.0,,1.2,6.9,8.1,1.2,0.0,1.2,2.3,3.5,8.1,94,110,
Marcus Morris,SF,30,NYK,37,37,1184,9.5,21.7,.440,4.1,9.0,.457,5.4,12.7,.428,5.7,6.9,.822,1.6,6.6,8.2,2.3,1.2,0.6,2.5,4.4,28.9,114,114,
Markieff Morris,PF,30,DET,37,16,817,8.8,19.4,.456,3.9,9.4,.411,5.0,10.0,.497,3.0,3.9,.773,1.1,7.4,8.5,3.4,1.4,0.5,3.5,5.1,24.6,105,112,
Monte Morris,PG,24,DEN,44,4,841,7.8,17.9,.438,1.8,4.5,.390,6.1,13.3,.454,2.0,2.5,.810,0.8,3.4,4.2,9.0,1.8,0.5,1.5,2.0,19.4,115,111,
Johnathan Motley,PF,24,LAC,7,0,17,8.3,13.8,.600,2.8,2.8,1.000,5.5,11.0,.500,5.5,5.5,1.000,2.8,2.8,5.5,13.8,8.3,0.0,11.0,13.8,24.8,109,95,
Emmanuel Mudiay,PG,23,UTA,41,1,678,8.8,18.3,.480,1.7,4.9,.353,7.1,13.5,.527,2.9,3.9,.727,1.0,6.2,7.2,7.1,1.1,0.6,4.2,4.2,22.2,105,108,
Dejounte Murray,PG,23,SAS,39,31,941,8.3,17.0,.490,1.0,2.7,.358,7.4,14.3,.514,2.6,3.3,.785,2.4,9.1,11.5,7.9,3.4,0.5,4.1,4.5,20.2,106,108,
Jamal Murray,PG,22,DEN,40,40,1279,10.0,23.1,.435,2.5,7.7,.322,7.6,15.4,.491,4.6,5.1,.916,1.3,5.0,6.3,7.1,2.1,0.4,3.3,2.6,27.2,108,109,
Džanan Musa,SF,20,BRK,30,0,384,5.5,16.0,.344,1.7,7.7,.222,3.8,8.3,.456,4.0,5.4,.750,2.2,5.6,7.8,3.5,1.5,0.1,3.3,2.8,16.8,92,110,
Mike Muscala,C,28,OKC,31,0,396,5.5,15.4,.360,3.6,11.4,.312,2.0,3.9,.500,2.0,2.5,.800,1.4,7.7,9.1,3.3,0.7,1.0,1.6,4.9,16.6,104,110,
Sviatoslav Mykhailiuk,SF,22,DET,40,13,843,6.4,14.7,.435,4.7,10.6,.438,1.7,4.0,.429,1.8,2.2,.842,0.6,2.9,3.6,3.7,1.4,0.2,2.4,3.3,19.3,114,115,
Abdel Nader,SF,26,OKC,32,5,520,6.6,14.1,.470,2.6,7.2,.364,4.0,6.9,.581,2.6,3.3,.800,0.9,3.8,4.8,2.2,1.0,0.9,2.6,3.9,18.5,107,112,
Larry Nance,C,27,CLE,35,5,849,6.4,12.5,.509,1.8,5.4,.340,4.5,7.1,.637,1.5,2.6,.600,3.3,10.5,13.8,3.2,1.8,0.9,2.0,3.2,16.1,118,112,
Shabazz Napier,PG,28,MIN,31,17,705,6.3,16.2,.391,2.6,9.1,.285,3.7,7.0,.528,4.1,4.9,.836,0.6,4.9,5.5,9.6,2.1,0.4,4.1,3.3,19.3,105,111,
Raul Neto,PG,27,PHI,37,2,398,7.0,15.1,.460,2.3,5.7,.404,4.6,9.4,.494,1.2,1.5,.833,0.6,3.8,4.4,6.8,2.1,0.5,3.4,3.2,17.4,104,108,
Georges Niang,PF,26,UTA,38,0,519,7.5,15.8,.473,4.9,10.9,.448,2.6,5.0,.528,1.0,1.3,.786,0.8,5.8,6.6,2.2,0.7,0.5,1.6,4.4,20.9,119,109,
Nerlens Noel,C,25,OKC,37,5,695,8.3,12.3,.670,0.1,0.1,.500,8.2,12.2,.672,4.4,5.5,.808,4.1,9.2,13.4,3.1,2.8,4.1,2.7,6.6,21.0,132,101,
Zach Norvell,SG,22,LAL,2,0,5,0.0,9.6,.000,0.0,0.0,,0.0,9.6,.000,0.0,0.0,,0.0,9.6,9.6,0.0,0.0,0.0,0.0,0.0,0.0,0,110,
Jaylen Nowell,SG,20,MIN,7,0,81,6.4,17.9,.355,1.2,9.8,.118,5.2,8.1,.643,4.1,4.6,.875,1.2,1.7,2.9,3.5,0.0,0.6,1.7,1.7,17.9,96,118,
Frank Ntilikina,PG,21,NYK,41,24,887,4.9,13.1,.371,1.7,5.4,.313,3.2,7.7,.411,1.9,2.2,.875,0.9,4.0,4.9,6.9,2.2,0.9,3.0,5.7,13.3,98,113,
Kendrick Nunn,SG,24,MIA,44,44,1345,10.2,22.2,.461,3.3,9.2,.356,7.0,13.0,.535,2.1,2.6,.831,0.4,4.1,4.5,5.7,1.5,0.3,2.9,3.7,25.9,107,111,
David Nwaba,SF,27,BRK,20,0,268,6.5,12.4,.521,2.1,4.9,.429,4.4,7.5,.581,3.2,4.7,.667,1.4,6.5,7.9,1.4,1.9,2.1,1.4,5.6,18.2,120,106,
Royce O'Neale,PF,26,UTA,44,41,1297,3.7,7.8,.469,2.1,4.8,.430,1.6,3.0,.531,0.7,0.9,.833,0.5,8.0,8.5,4.3,1.3,0.6,1.3,4.9,10.2,122,107,
Kyle O'Quinn,C,29,PHI,21,1,217,6.7,13.6,.492,1.6,4.7,.333,5.1,8.9,.575,0.7,1.8,.375,5.1,12.1,17.2,6.9,0.9,3.8,4.0,6.5,15.7,107,101,
Semi Ojeleye,PF,25,BOS,41,4,587,3.1,8.1,.388,1.9,5.0,.377,1.2,3.0,.405,1.1,1.3,.813,1.3,4.5,5.8,1.6,1.0,0.2,0.6,3.6,9.2,116,110,
Jahlil Okafor,C,24,NOP,24,9,399,9.7,15.9,.610,0.1,0.2,.500,9.6,15.6,.612,4.3,6.7,.649,5.0,7.9,13.0,4.1,0.6,2.2,4.1,7.1,23.8,116,113,
Elie Okobo,PG,22,PHO,35,2,431,5.7,14.3,.397,2.1,5.7,.365,3.6,8.6,.418,4.4,6.4,.678,1.3,4.4,5.7,8.2,1.7,0.4,1.6,3.5,17.8,116,112,
Josh Okogie,SG,21,MIN,42,12,1004,4.9,12.2,.401,1.4,5.1,.266,3.5,7.1,.497,4.2,5.6,.765,2.5,6.3,8.8,3.0,2.1,0.9,2.9,4.2,15.4,102,110,
KZ Okpala,SF,20,MIA,3,0,3,0.0,0.0,,0.0,0.0,,0.0,0.0,,0.0,0.0,,0.0,16.3,16.3,0.0,0.0,0.0,16.3,0.0,0.0,0,108,
Kelly Olynyk,C,28,MIA,40,0,777,6.3,13.7,.461,3.3,8.0,.409,3.0,5.7,.533,3.1,3.5,.875,1.9,9.4,11.3,3.1,1.7,0.6,2.7,6.2,18.9,114,107,
Miye Oni,SG,22,UTA,3,0,8,0.0,0.0,,0.0,0.0,,0.0,0.0,,0.0,0.0,,0.0,6.1,6.1,0.0,0.0,0.0,6.1,0.0,0.0,0,112,
Cedi Osman,SF,24,CLE,44,44,1289,6.8,15.2,.447,3.2,8.0,.403,3.6,7.3,.495,1.5,2.3,.656,0.8,4.8,5.6,3.4,1.4,0.5,2.3,3.9,18.3,108,117,
Kelly Oubre,SF,24,PHO,42,42,1430,8.9,19.6,.456,2.5,7.2,.342,6.5,12.4,.521,4.8,6.1,.780,1.6,7.3,8.9,2.1,1.9,1.1,2.2,4.6,25.1,108,109,
Jabari Parker,PF,24,ATL,32,23,837,11.0,21.8,.504,1.7,6.4,.270,9.3,15.4,.601,2.9,4.0,.736,3.0,7.6,10.6,3.2,2.3,0.8,3.3,5.2,26.7,106,111,
Chandler Parsons,SF,31,ATL,5,0,54,4.3,15.5,.278,3.4,12.1,.286,0.9,3.4,.250,0.0,0.0,,0.9,5.2,6.0,2.6,3.4,0.9,2.6,2.6,12.1,77,110,
Eric Paschall,PF,23,GSW,41,22,1122,9.4,19.0,.494,1.1,3.8,.295,8.3,15.2,.543,4.6,5.9,.781,2.5,5.9,8.3,3.1,1.0,0.4,2.5,3.5,24.5,110,115,
Anžejs Pasečņiks,C,24,WAS,16,0,330,7.1,13.4,.526,0.0,0.1,.000,7.1,13.3,.532,4.0,6.5,.609,4.9,7.6,12.6,2.3,1.1,1.0,3.0,7.2,18.1,109,116,
Patrick Patterson,PF,30,LAC,40,16,525,5.7,14.8,.386,4.0,11.2,.360,1.7,3.7,.463,1.7,2.3,.731,2.3,7.4,9.7,2.5,0.5,0.3,1.0,2.9,17.1,116,110,
Justin Patton,C,22,OKC,5,0,24,8.1,20.3,.400,2.0,8.1,.250,6.1,12.2,.500,0.0,0.0,,2.0,8.1,10.1,4.1,0.0,0.0,4.1,8.1,18.3,86,113,
Chris Paul,PG,34,OKC,45,45,1430,9.1,18.9,.479,2.5,6.9,.366,6.5,12.0,.544,5.5,6.1,.894,0.5,7.2,7.7,9.8,2.5,0.2,3.1,3.6,26.1,121,108,
Elfrid Payton,PG,25,NYK,27,18,693,7.1,17.1,.416,0.7,3.1,.222,6.4,14.0,.460,1.1,2.2,.500,2.2,5.8,8.0,11.3,2.7,0.8,3.7,3.6,16.1,99,111,
Gary Payton,PG,27,WAS,15,12,320,5.5,12.5,.442,1.3,4.4,.300,4.2,8.2,.518,0.6,1.0,.571,2.6,5.7,8.3,5.5,4.2,0.9,2.5,4.7,13.0,105,110,
Norvel Pelle,C,26,PHI,14,0,156,4.7,8.4,.556,0.0,0.0,,4.7,8.4,.556,1.6,3.1,.500,3.7,12.1,15.9,2.2,0.3,6.5,3.4,9.6,10.9,98,99,
Theo Pinson,SG,24,BRK,25,0,325,6.1,21.0,.290,2.0,10.7,.189,4.0,10.3,.394,2.2,2.3,.938,1.3,5.2,6.5,6.8,2.0,0.3,4.6,4.5,16.3,78,109,
Mason Plumlee,C,29,DEN,43,1,750,8.4,13.8,.605,0.0,0.3,.000,8.4,13.6,.617,4.2,7.5,.553,5.2,10.5,15.7,6.9,1.5,1.8,4.2,6.3,20.9,116,105,
Vincent Poirier,C,26,BOS,13,0,67,7.2,16.6,.435,0.7,1.4,.500,6.5,15.1,.429,2.2,2.9,.750,5.8,10.1,15.8,2.9,1.4,2.9,2.9,10.8,17.3,103,102,
Jakob Pöltl,C,24,SAS,43,7,745,6.0,10.0,.603,0.0,0.0,,6.0,10.0,.603,1.7,3.1,.542,5.1,10.2,15.3,5.2,1.4,4.2,2.2,4.7,13.7,125,107,
Shamorie Ponds,PG,21,TOR,4,0,11,13.0,21.7,.600,4.3,8.7,.500,8.7,13.0,.667,8.7,8.7,1.000,0.0,4.3,4.3,8.7,0.0,4.3,0.0,8.7,39.1,164,106,
Jordan Poole,SG,20,GSW,39,9,841,5.3,19.1,.278,2.7,10.3,.265,2.6,8.8,.292,3.5,4.3,.803,0.3,4.1,4.4,4.3,1.4,0.5,2.1,3.4,16.8,85,115,
Kevin Porter,SF,19,CLE,34,2,742,7.3,16.6,.439,1.8,6.0,.297,5.5,10.6,.519,2.6,3.6,.727,0.8,6.6,7.4,4.3,1.9,0.4,3.9,5.8,19.0,96,114,
Michael Porter,PF,21,DEN,34,1,435,11.0,20.4,.539,3.0,7.3,.406,8.1,13.2,.612,2.7,3.5,.774,3.5,10.7,14.2,2.6,1.2,1.7,2.8,6.5,27.7,117,106,
Otto Porter,SF,26,CHI,9,9,226,7.4,17.9,.417,3.4,8.5,.400,4.0,9.4,.432,3.2,4.3,.750,1.7,4.9,6.6,3.0,1.9,0.6,1.5,4.3,21.5,111,109,
Bobby Portis,C,24,NYK,45,4,944,8.8,20.4,.432,2.5,6.8,.364,6.4,13.7,.466,2.5,3.3,.738,3.4,9.6,12.9,3.6,1.2,0.5,2.3,4.2,22.6,107,113,
Kristaps Porziņģis,PF,24,DAL,32,32,995,9.5,23.9,.397,3.4,10.1,.335,6.1,13.8,.442,4.3,5.9,.727,2.8,11.8,14.7,2.3,0.9,3.3,2.6,4.8,26.7,103,105,
Dwight Powell,C,28,DAL,40,37,1061,6.7,10.5,.638,0.5,1.8,.256,6.2,8.7,.716,3.4,5.1,.667,3.4,7.0,10.4,2.7,1.6,1.0,1.7,4.7,17.3,134,110,
Norman Powell,SG,26,TOR,33,17,946,9.5,18.5,.514,3.5,8.6,.412,6.0,9.9,.602,3.9,4.6,.848,0.8,5.7,6.5,2.9,1.9,0.7,2.5,3.3,26.4,118,105,
Julius Randle,PF,25,NYK,43,43,1380,10.5,23.5,.448,1.8,6.3,.289,8.7,17.1,.506,5.6,7.9,.711,3.3,10.5,13.8,5.0,1.2,0.3,4.4,4.2,28.5,103,112,
Josh Reaves,SG,22,DAL,2,0,1,0.0,48.7,.000,0.0,0.0,,0.0,48.7,.000,0.0,0.0,,0.0,0.0,0.0,0.0,0.0,0.0,0.0,0.0,0.0,0,119,
Cam Reddish,SF,20,ATL,41,29,1079,5.3,15.8,.335,2.0,6.9,.292,3.3,8.9,.369,2.7,3.4,.788,1.1,5.6,6.8,2.8,1.9,0.8,3.1,3.7,15.3,85,113,
J.J. Redick,SG,35,NOP,40,35,1126,8.0,17.7,.450,5.1,11.1,.459,2.9,6.7,.435,4.6,5.1,.895,0.3,4.3,4.6,3.2,0.5,0.2,1.9,2.5,25.6,123,117,
Naz Reid,C,20,MIN,12,0,147,11.2,28.1,.398,4.8,15.6,.306,6.4,12.4,.513,2.9,4.5,.643,2.9,6.7,9.6,3.5,1.3,1.9,2.6,8.9,30.0,101,110,
Josh Richardson,SG,26,PHI,38,38,1198,8.5,19.4,.436,2.5,7.4,.333,6.0,12.0,.500,3.6,4.5,.818,1.2,3.8,5.1,5.2,1.5,0.9,3.2,4.1,23.1,105,108,
Austin Rivers,SG,27,HOU,39,3,891,5.7,14.0,.405,2.4,7.6,.315,3.3,6.4,.512,2.0,2.9,.709,0.9,3.9,4.8,3.3,1.2,0.3,1.4,3.9,15.8,109,113,
Duncan Robinson,SF,25,MIA,44,39,1229,7.0,15.2,.457,5.7,13.2,.429,1.3,2.0,.640,1.1,1.2,.903,0.3,5.3,5.6,1.8,0.9,0.5,1.2,4.9,20.7,121,111,
Glenn Robinson,SF,26,GSW,43,43,1360,7.4,15.9,.464,2.0,5.1,.393,5.4,10.7,.498,1.8,2.1,.850,2.2,5.1,7.3,2.5,1.4,0.4,1.6,2.7,18.5,110,115,
Jerome Robinson,SG,22,LAC,37,0,447,4.6,13.5,.341,2.0,6.7,.297,2.6,6.8,.385,1.0,1.8,.588,0.5,5.8,6.3,4.5,1.3,0.8,2.5,5.3,12.3,89,108,
Justin Robinson,PG,22,WAS,9,0,49,4.8,11.4,.417,2.9,4.8,.600,1.9,6.7,.286,0.0,0.0,,1.0,3.8,4.8,6.7,0.0,1.0,2.9,1.9,12.4,105,121,
Mitchell Robinson,C,21,NYK,41,7,933,8.5,12.0,.706,0.0,0.0,,8.5,12.0,.706,3.3,5.4,.612,6.0,8.4,14.4,1.0,1.8,3.8,1.5,7.1,20.2,138,107,
Rajon Rondo,PG,33,LAL,29,2,621,6.8,16.3,.415,2.2,5.9,.364,4.6,10.4,.444,1.7,2.2,.759,1.2,7.0,8.2,11.8,2.1,0.2,4.5,2.5,17.4,104,106,
Derrick Rose,PG,31,DET,39,5,1020,13.9,28.0,.497,1.7,5.5,.310,12.2,22.5,.543,4.7,5.4,.868,1.0,3.7,4.6,11.0,1.5,0.6,4.8,2.1,34.3,111,114,
Terrence Ross,SG,28,ORL,43,0,1110,8.8,21.5,.409,4.3,12.6,.339,4.5,8.9,.507,4.0,4.8,.843,0.4,5.2,5.6,1.9,2.1,0.5,1.9,3.0,25.9,106,108,
Terry Rozier,PG,25,CHO,45,45,1534,9.2,21.9,.420,3.9,9.9,.395,5.3,12.1,.441,3.9,4.5,.850,1.2,5.1,6.2,6.4,1.7,0.2,3.5,3.2,26.1,107,114,
Ricky Rubio,PG,29,PHO,37,37,1192,7.0,17.0,.411,1.7,5.2,.336,5.2,11.8,.443,3.7,4.5,.825,1.1,5.8,6.8,13.4,2.0,0.4,3.9,3.6,19.4,109,111,
D'Angelo Russell,SG,23,GSW,28,28,898,12.3,28.9,.425,5.1,14.2,.361,7.2,14.7,.487,5.3,6.8,.787,0.5,4.8,5.3,9.5,1.3,0.4,4.6,3.1,35.0,106,115,
Domantas Sabonis,C,23,IND,42,42,1433,10.3,19.3,.536,0.4,1.5,.256,10.0,17.8,.559,4.6,6.4,.718,4.9,13.5,18.4,6.2,1.1,0.8,3.9,4.7,25.6,114,105,
JaKarr Sampson,SF,26,IND,15,8,205,7.6,12.2,.627,0.5,2.4,.200,7.2,9.8,.732,0.5,1.9,.250,1.9,6.2,8.1,1.0,1.4,1.7,1.4,6.0,16.2,114,107,
Dario Šarić,PF,25,PHO,44,41,1106,6.8,15.6,.436,2.4,7.4,.320,4.4,8.2,.542,2.3,2.6,.855,2.8,8.9,11.7,3.6,1.1,0.5,2.4,4.2,18.2,108,111,
Tomáš Satoranský,PG,28,CHI,46,46,1311,6.0,13.8,.437,1.8,5.2,.340,4.3,8.7,.494,2.7,3.2,.872,1.6,4.4,6.1,9.0,2.2,0.2,3.3,3.4,16.6,111,109,
Admiral Schofield,SF,22,WAS,24,2,288,4.9,12.0,.405,2.3,7.4,.304,2.6,4.5,.571,1.5,1.9,.750,1.0,4.4,5.3,2.3,1.1,0.5,1.1,6.6,13.4,107,118,
Dennis Schröder,PG,26,OKC,44,0,1363,11.1,23.5,.474,3.1,8.3,.369,8.1,15.2,.532,3.9,4.8,.815,0.5,5.5,6.0,6.1,1.0,0.4,4.3,3.5,29.3,105,112,
Mike Scott,PF,31,PHI,46,7,826,5.5,13.9,.392,3.1,9.2,.340,2.4,4.8,.494,1.2,1.4,.870,2.3,6.9,9.2,1.6,0.9,0.2,0.9,3.6,15.2,110,109,
Thabo Sefolosha,PF,35,HOU,28,0,271,3.6,9.6,.375,2.1,6.2,.333,1.5,3.4,.450,0.0,0.2,.000,2.2,8.4,10.6,2.9,1.9,1.0,1.5,4.3,9.2,104,108,
Collin Sexton,SG,21,CLE,44,44,1396,11.3,25.1,.452,1.8,5.3,.340,9.5,19.8,.482,4.9,5.8,.842,1.6,3.5,5.1,3.6,1.4,0.2,3.3,3.0,29.3,104,118,
Landry Shamet,SG,22,LAC,28,20,767,5.2,12.5,.415,3.5,9.3,.379,1.6,3.2,.519,1.8,2.0,.938,0.2,3.6,3.8,2.6,0.7,0.4,1.4,5.3,15.8,115,111,
Iman Shumpert,SG,29,BRK,13,0,241,4.1,12.5,.328,1.6,6.4,.242,2.5,6.0,.419,0.8,1.4,.571,1.8,4.9,6.6,2.3,2.3,0.4,1.9,4.1,10.5,85,108,
Pascal Siakam,PF,25,TOR,33,33,1162,12.0,26.3,.454,3.0,8.1,.367,9.0,18.3,.492,5.0,6.1,.812,1.6,8.8,10.4,4.7,1.3,1.3,3.5,3.8,31.8,106,104,
Chris Silva,PF,23,MIA,30,0,249,7.5,10.8,.691,0.0,0.4,.000,7.5,10.4,.717,5.5,8.0,.683,9.0,9.0,18.1,2.9,1.2,3.1,5.7,12.8,20.4,120,105,
Ben Simmons,PG,23,PHI,44,44,1588,8.8,15.2,.578,0.1,0.2,.400,8.7,15.1,.580,3.9,6.5,.592,2.6,7.9,10.5,11.4,2.9,0.9,4.6,4.5,21.5,115,103,
Anfernee Simons,SG,20,POR,45,3,1046,7.3,17.9,.407,2.3,7.4,.315,5.0,10.5,.472,2.4,3.0,.788,0.8,4.5,5.4,3.0,0.8,0.4,2.0,4.4,19.2,101,116,
Alen Smailagić,PF,19,GSW,9,0,92,8.3,15.1,.552,1.0,4.7,.222,7.3,10.4,.700,4.2,5.2,.800,3.6,7.8,11.5,4.2,0.5,1.6,2.6,5.2,21.9,121,114,
Marcus Smart,SG,25,BOS,34,23,1062,6.4,16.8,.382,3.5,10.1,.351,2.9,6.7,.429,2.8,3.4,.838,1.2,4.0,5.2,7.3,2.5,0.6,2.0,3.8,19.2,114,106,
Dennis Smith,PG,22,NYK,22,1,342,5.8,18.1,.320,1.7,5.8,.293,4.1,12.3,.333,2.1,4.3,.500,1.8,4.5,6.4,8.1,1.4,1.0,4.4,6.2,15.4,83,114,
Ish Smith,PG,31,WAS,43,12,1129,8.2,17.9,.460,1.7,4.6,.369,6.5,13.3,.491,1.4,2.2,.630,0.8,4.6,5.4,8.1,1.4,0.7,2.4,2.6,19.5,108,118,
Tony Snell,SF,28,DET,41,39,1083,5.4,11.4,.472,3.4,7.9,.432,2.0,3.5,.564,0.7,0.7,1.000,0.3,3.0,3.2,2.6,0.8,0.4,0.8,3.0,14.9,125,116,
Omari Spellman,PF,22,GSW,43,3,766,7.2,16.3,.441,2.4,5.9,.404,4.8,10.4,.461,4.0,4.9,.810,4.8,7.8,12.6,2.6,1.9,1.4,2.9,3.3,20.8,110,111,
Max Strus,SG,23,CHI,2,0,6,16.0,24.0,.667,0.0,8.0,.000,16.0,16.0,1.000,8.0,8.0,1.000,8.0,0.0,8.0,0.0,0.0,0.0,0.0,8.0,40.0,153,117,
Edmond Sumner,PG,24,IND,17,2,244,6.4,14.8,.432,1.6,4.6,.348,4.8,10.2,.471,1.6,2.6,.615,1.4,3.6,5.0,5.4,2.2,1.2,2.2,5.0,16.0,103,108,
Caleb Swanigan,PF,22,SAC,7,0,23,4.3,8.5,.500,0.0,0.0,,4.3,8.5,.500,2.1,4.3,.500,4.3,10.7,14.9,4.3,2.1,4.3,12.8,17.0,10.7,61,103,
Jayson Tatum,PF,21,BOS,42,42,1426,11.2,25.8,.435,3.4,9.3,.366,7.8,16.5,.474,4.7,5.5,.841,1.4,8.4,9.8,4.1,2.0,1.2,3.0,2.9,30.5,107,104,
Jeff Teague,PG,31,TOT,37,14,1006,7.1,16.0,.446,1.6,4.2,.385,5.5,11.7,.468,5.9,6.8,.870,0.8,3.6,4.4,10.4,1.2,0.7,3.9,3.6,21.8,115,114,
Garrett Temple,SG,33,BRK,37,26,1072,5.8,15.8,.367,3.3,10.4,.316,2.5,5.4,.463,1.8,2.4,.759,0.9,4.6,5.5,4.2,1.4,0.7,2.1,2.8,16.7,100,110,
Daniel Theis,C,27,BOS,39,38,852,7.0,13.1,.534,1.0,3.0,.321,6.1,10.1,.598,2.2,3.2,.696,4.2,8.9,13.1,3.5,1.5,3.3,1.7,7.4,17.2,124,102,
Isaiah Thomas,PG,30,WAS,34,31,795,8.6,20.9,.413,3.7,9.0,.412,4.9,11.9,.414,3.1,3.9,.803,0.5,2.5,2.9,7.7,0.8,0.3,4.2,3.9,24.0,102,121,
Khyri Thomas,SG,23,DET,2,0,6,0.0,0.0,,0.0,0.0,,0.0,0.0,,8.1,16.2,.500,0.0,0.0,0.0,0.0,0.0,0.0,0.0,0.0,8.1,123,120,
Matt Thomas,SG,25,TOR,17,0,189,7.1,15.2,.467,5.3,11.4,.467,1.8,3.8,.467,1.3,1.8,.714,0.8,5.1,5.8,1.8,1.0,0.0,1.8,3.8,20.7,116,109,
Tristan Thompson,C,28,CLE,42,42,1335,8.1,15.8,.512,0.1,0.3,.375,8.0,15.5,.514,3.0,4.7,.638,6.5,9.8,16.3,3.2,1.1,1.6,3.0,3.7,19.3,111,113,
Matisse Thybulle,SG,22,PHI,38,8,747,4.1,10.6,.387,2.5,6.6,.376,1.6,4.0,.403,1.4,2.1,.667,1.3,2.7,4.0,3.1,3.7,2.1,2.4,5.5,12.1,99,102,
Anthony Tolliver,PF,34,TOT,34,9,560,3.7,10.1,.361,2.5,7.7,.330,1.1,2.4,.464,1.1,1.6,.684,2.3,7.1,9.3,2.5,0.7,0.8,1.8,4.7,11.0,104,114,
Karl-Anthony Towns,C,24,MIN,27,27,901,12.7,24.9,.513,4.8,11.7,.409,8.0,13.2,.605,7.0,8.6,.807,3.8,11.5,15.3,6.0,1.3,1.6,4.2,4.8,37.3,122,108,
Gary Trent,SG,21,POR,32,2,481,5.9,15.2,.390,3.5,9.6,.361,2.5,5.6,.439,1.1,1.2,.917,1.1,3.4,4.5,2.4,1.7,0.6,1.0,3.6,16.4,109,115,
Allonzo Trier,PG,24,NYK,20,1,246,7.3,16.7,.435,3.0,9.1,.326,4.3,7.7,.564,6.1,7.7,.795,0.8,4.3,5.1,4.7,0.4,0.8,3.9,4.7,23.6,108,117,
P.J. Tucker,PF,34,HOU,43,43,1505,3.7,8.2,.451,2.0,5.4,.369,1.7,2.8,.611,0.8,1.0,.794,2.2,7.4,9.5,1.9,1.4,0.5,1.5,4.4,10.2,116,110,
Rayjon Tucker,SG,22,UTA,11,0,71,4.8,12.3,.389,0.0,4.1,.000,4.8,8.2,.583,2.1,3.4,.600,1.4,5.5,6.8,1.4,0.7,0.0,2.1,4.1,11.6,84,110,
Evan Turner,PG,31,ATL,18,0,230,4.9,12.7,.381,0.0,1.0,.000,4.9,11.7,.414,2.4,2.8,.857,1.4,5.9,7.3,7.3,1.6,1.6,5.1,3.6,12.1,84,112,
Myles Turner,C,23,IND,37,37,1072,7.3,16.2,.449,2.5,7.3,.335,4.8,8.9,.544,3.6,4.9,.738,2.1,7.9,10.0,2.0,1.2,3.4,2.1,4.3,20.6,108,105,
Jonas Valančiūnas,C,27,MEM,41,41,1041,11.6,19.4,.595,1.2,2.8,.419,10.4,16.7,.625,3.3,4.4,.737,5.1,13.5,18.5,3.7,0.7,1.9,3.6,4.6,27.6,119,109,
Denzel Valentine,SF,26,CHI,24,0,273,9.1,21.5,.426,5.1,13.0,.392,4.0,8.4,.479,0.9,0.9,1.000,0.5,6.9,7.4,3.9,2.5,0.9,2.1,4.9,24.3,107,106,
Jarred Vanderbilt,SF,20,DEN,5,0,21,4.7,4.7,1.000,0.0,0.0,,4.7,4.7,1.000,0.0,0.0,,0.0,7.1,7.1,2.4,0.0,0.0,9.4,4.7,9.4,56,113,
Fred VanVleet,PG,25,TOR,34,34,1222,8.0,19.8,.406,3.7,9.1,.402,4.4,10.7,.409,4.8,5.7,.836,0.5,4.7,5.2,9.0,2.6,0.5,3.2,3.1,24.5,112,105,
Noah Vonleh,C,24,MIN,28,1,347,6.3,11.6,.547,0.3,1.9,.143,6.1,9.7,.625,3.1,3.8,.821,4.6,11.1,15.7,3.5,1.5,0.8,2.6,4.9,16.1,119,108,
Nikola Vučević,C,29,ORL,34,34,1076,11.6,25.8,.451,2.7,7.3,.369,9.0,18.5,.483,3.5,4.3,.800,4.3,12.9,17.2,5.2,1.5,1.4,2.0,3.4,29.4,112,104,
Dean Wade,PF,23,CLE,7,0,47,7.3,10.4,.700,2.1,3.1,.667,5.2,7.3,.714,0.0,1.0,.000,2.1,13.5,15.5,1.0,2.1,3.1,3.1,6.2,16.6,115,107,
Moritz Wagner,C,22,WAS,21,4,429,10.1,17.4,.581,2.4,6.1,.393,7.7,11.3,.683,3.9,4.7,.837,3.7,10.1,13.8,3.0,1.6,1.4,4.7,8.8,26.5,115,113,
Kemba Walker,PG,29,BOS,38,38,1204,11.2,25.2,.443,5.2,13.3,.390,6.0,12.0,.502,5.5,6.4,.863,1.2,4.8,6.0,7.6,1.4,0.9,3.3,2.3,33.0,118,108,
Lonnie Walker,SG,21,SAS,35,1,432,8.6,19.6,.441,2.1,5.4,.388,6.5,14.2,.461,2.5,3.8,.676,1.3,6.5,7.9,2.4,1.5,0.6,2.2,4.5,21.9,100,113,
Tyrone Wallace,SG,25,ATL,14,0,160,4.1,12.8,.318,0.3,4.4,.067,3.8,8.4,.448,3.2,4.9,.647,0.9,5.5,6.4,3.8,2.0,0.3,2.9,5.5,11.6,80,113,
Taurean Waller-Prince,SF,25,BRK,42,42,1269,7.0,18.3,.381,3.8,10.7,.354,3.2,7.6,.417,1.4,1.8,.771,1.3,9.0,10.3,3.1,1.4,0.7,3.3,3.9,19.1,94,107,
Derrick Walton,PG,24,LAC,23,1,222,3.6,7.6,.472,1.9,4.4,.429,1.7,3.2,.533,1.5,1.9,.778,0.4,2.7,3.2,4.6,0.8,0.0,0.8,4.0,10.5,133,112,
Brad Wanamaker,PG,30,BOS,42,0,786,5.4,12.8,.421,1.1,3.5,.316,4.3,9.3,.461,4.5,4.9,.913,0.8,4.4,5.2,7.0,1.6,0.6,2.9,4.6,16.4,111,108,
T.J. Warren,SF,26,IND,45,45,1447,10.9,21.2,.513,1.7,4.6,.375,9.2,16.6,.551,3.9,4.7,.821,1.4,4.3,5.7,2.1,1.6,0.7,1.9,4.0,27.4,113,109,
PJ Washington,PF,21,CHO,40,40,1221,7.7,15.8,.483,2.4,5.7,.421,5.3,10.1,.518,2.8,4.1,.680,1.3,7.7,9.0,3.3,1.5,1.4,2.7,4.6,20.5,108,112,
Yuta Watanabe,SG,25,MEM,4,0,18,7.8,15.5,.500,2.6,5.2,.500,5.2,10.3,.500,0.0,0.0,,2.6,10.3,12.9,0.0,0.0,2.6,2.6,2.6,18.1,100,112,
Tremont Waters,PG,22,BOS,6,0,56,7.8,21.5,.360,1.7,12.1,.143,6.0,9.5,.636,5.2,5.2,1.000,0.0,5.2,5.2,6.9,3.4,1.7,4.3,5.2,22.4,94,102,
Paul Watson,SG,25,ATL,2,0,17,0.0,19.2,.000,0.0,8.2,.000,0.0,10.9,.000,0.0,0.0,,0.0,5.5,5.5,8.2,2.7,0.0,0.0,2.7,0.0,27,112,
Russell Westbrook,PG,31,HOU,37,37,1315,12.6,28.2,.446,1.4,5.9,.235,11.2,22.4,.502,6.5,8.4,.770,2.2,8.5,10.6,9.6,2.1,0.5,5.6,4.7,33.0,105,108,
Coby White,SG,19,CHI,46,0,1109,8.3,21.9,.379,3.5,10.1,.342,4.9,11.8,.412,2.4,3.3,.724,0.8,6.2,7.0,4.5,1.5,0.1,3.0,3.0,22.5,94,110,
Derrick White,SG,25,SAS,41,11,968,7.2,15.2,.471,2.0,5.1,.388,5.2,10.1,.512,4.0,4.8,.825,1.0,5.0,6.1,6.7,1.2,1.4,2.3,4.2,20.2,118,114,
Hassan Whiteside,C,30,POR,41,41,1249,10.0,16.9,.590,0.1,0.2,.500,9.9,16.8,.591,4.2,5.7,.740,6.3,15.8,22.1,1.9,0.6,4.7,3.1,4.6,24.3,121,104,
Andrew Wiggins,SF,24,MIN,36,36,1248,11.4,25.9,.439,2.7,8.7,.315,8.6,17.2,.502,4.8,6.6,.733,1.7,5.2,6.9,5.0,0.9,1.2,3.3,3.0,30.3,104,113,
Grant Williams,PF,21,BOS,41,2,603,3.7,9.8,.377,0.9,4.2,.208,2.8,5.5,.507,2.2,3.2,.700,2.6,5.1,7.8,3.3,1.1,1.4,2.6,7.0,10.5,97,108,
Johnathan Williams,C,24,WAS,8,5,128,5.5,8.7,.625,0.0,0.7,.000,5.5,8.0,.682,1.1,1.8,.600,4.7,10.2,14.9,2.2,0.4,1.8,1.1,2.9,12.0,133,115,
Kenrich Williams,PF,25,NOP,35,18,779,2.9,8.5,.343,1.5,5.7,.260,1.4,2.8,.511,0.5,1.4,.375,2.9,7.7,10.6,3.2,1.5,1.3,1.3,4.8,7.9,103,112,
Lou Williams,SG,33,LAC,42,6,1266,10.1,23.9,.422,3.0,8.1,.368,7.1,15.7,.449,7.7,8.9,.867,0.7,4.2,4.8,9.5,1.0,0.3,4.7,2.2,30.9,111,111,
Marvin Williams,PF,33,CHO,36,0,705,5.9,13.0,.454,2.8,7.5,.377,3.1,5.6,.557,2.7,3.1,.886,0.9,5.8,6.7,2.4,1.8,1.1,1.6,4.4,17.4,116,113,
Robert Williams,C,22,BOS,19,1,269,5.9,8.8,.673,0.0,0.0,,5.9,8.8,.673,1.4,2.5,.571,4.1,11.5,15.6,3.8,3.0,3.8,2.9,6.1,13.3,121,97,
Nigel Williams-Goss,PG,25,UTA,9,0,28,1.7,12.1,.143,0.0,3.5,.000,1.7,8.7,.200,3.5,3.5,1.000,3.5,5.2,8.7,8.7,1.7,1.7,3.5,3.5,6.9,80,106,
Zion Williamson,SF,19,NOP,1,1,18,20.7,28.5,.727,10.3,10.3,1.000,10.3,18.1,.571,5.2,10.3,.500,5.2,12.9,18.1,7.8,0.0,0.0,12.9,2.6,56.9,112,114,
D.J. Wilson,PF,23,MIL,26,0,235,6.2,15.4,.405,2.1,8.8,.244,4.1,6.6,.618,1.0,1.4,.714,1.2,9.0,10.1,3.5,0.2,0.8,2.3,4.3,15.6,96,105,
Justise Winslow,SF,23,MIA,11,5,352,6.9,17.9,.388,0.8,3.7,.222,6.1,14.2,.431,2.5,3.7,.667,2.2,7.9,10.1,6.1,1.0,0.7,3.3,5.3,17.2,93,109,
Christian Wood,PF,24,DET,41,1,693,9.9,16.9,.587,1.6,4.4,.365,8.3,12.5,.665,6.5,9.0,.721,3.7,11.3,15.0,2.1,1.0,2.4,3.2,3.4,28.0,122,108,
Delon Wright,SG,27,DAL,41,4,831,6.5,13.6,.478,1.5,4.0,.368,5.0,9.6,.524,2.7,3.3,.807,2.3,6.4,8.7,7.6,3.0,1.0,2.0,3.0,17.2,125,107,
Thaddeus Young,PF,31,CHI,45,1,1006,7.8,18.6,.421,2.4,6.9,.345,5.4,11.7,.465,1.3,2.2,.596,3.1,6.6,9.7,3.7,2.4,0.6,3.0,3.8,19.4,98,107,
Trae Young,PG,21,ATL,40,40,1404,12.4,27.6,.447,4.6,12.4,.373,7.8,15.3,.508,9.3,11.1,.839,0.8,5.3,6.2,11.4,1.6,0.2,6.4,2.2,38.7,112,115,
Cody Zeller,C,27,CHO,42,23,968,9.5,17.9,.530,0.9,3.2,.270,8.6,14.7,.587,4.6,6.6,.690,6.1,9.1,15.2,2.7,1.3,0.9,2.9,5.4,24.4,116,112,
Ante Žižić,C,23,CLE,16,0,159,8.6,15.0,.571,0.0,0.0,,8.6,15.0,.571,4.0,4.6,.867,4.3,12.6,16.9,0.9,1.8,1.2,1.5,6.1,21.1,125,110,
Ivica Zubac,C,22,LAC,45,43,787,8.8,14.8,.597,0.0,0.1,.000,8.8,14.6,.602,4.5,6.1,.735,6.7,11.7,18.3,2.6,0.5,2.5,2.2,6.1,22.1,129,104,