player,pos,age,team_id,g,gs,mp,fg,fga,fg_pct,fg3,fg3a,fg3_pct,fg2,fg2a,fg2_pct,efg_pct,ft,fta,ft_pct,orb,drb,trb,ast,stl,blk,tov,pf,pts,
Steven Adams,C,26,OKC,40,40,1078,188,312,.603,0,1,.000,188,311,.605,.603,76,134,.567,140,248,388,105,27,44,59,70,452,
Bam Adebayo,C,22,MIA,44,44,1517,266,454,.586,1,10,.100,265,444,.597,.587,163,238,.685,114,346,460,202,53,51,124,111,696,
LaMarcus Aldridge,C,34,SAS,41,41,1353,311,611,.509,49,115,.426,262,496,.528,.549,125,148,.845,84,222,306,98,25,72,58,102,796,
Nickeil Alexander-Walker,SG,21,NOP,36,0,485,77,221,.348,40,116,.345,37,105,.352,.439,17,28,.607,7,69,76,72,10,7,34,43,211,
Grayson Allen,SG,24,MEM,29,0,491,79,175,.451,33,91,.363,46,84,.548,.546,30,35,.857,5,60,65,43,6,1,22,36,221,
Jarrett Allen,C,21,BRK,42,38,1124,186,285,.653,0,3,.000,186,282,.660,.653,108,169,.639,131,280,411,54,29,56,49,101,480,
Kadeem Allen,SG,27,NYK,9,0,96,17,42,.405,5,16,.313,12,26,.462,.464,5,8,.625,2,6,8,19,4,2,8,7,44,
Al-Farouq Aminu,PF,29,ORL,18,2,380,25,86,.291,9,36,.250,16,50,.320,.343,19,29,.655,24,63,87,21,18,8,17,27,78,
Justin Anderson,SF,26,BRK,3,0,17,1,6,.167,0,3,.000,1,3,.333,.167,1,2,.500,0,2,2,0,0,1,0,2,3,
Kyle Anderson,PF,26,MEM,38,3,631,76,163,.466,7,35,.200,69,128,.539,.488,28,43,.651,35,105,140,79,28,15,29,51,187,
Ryan Anderson,PF,31,HOU,2,0,14,2,7,.286,1,5,.200,1,2,.500,.357,0,0,,0,7,7,2,1,0,1,1,5,
Giannis Antetokounmpo,PF,25,MIL,42,42,1286,464,837,.554,69,214,.322,395,623,.634,.596,262,432,.606,96,444,540,235,48,44,151,132,1259,
Kostas Antetokounmpo,PF,22,LAL,3,0,5,0,0,,0,0,,0,0,,,0,0,,0,1,1,1,0,0,0,0,0,
Thanasis Antetokounmpo,SF,27,MIL,13,0,55,11,20,.550,0,2,.000,11,18,.611,.550,4,8,.500,6,1,7,6,1,1,5,7,26,
Carmelo Anthony,PF,35,POR,30,30,967,186,422,.441,43,115,.374,143,307,.466,.492,71,86,.826,33,155,188,40,29,17,53,89,486,
OG Anunoby,SF,22,TOR,43,42,1269,185,376,.492,58,158,.367,127,218,.583,.569,35,53,.660,47,194,241,71,48,28,55,106,463,
Ryan Arcidiacono,PG,25,CHI,42,0,618,54,143,.378,32,84,.381,22,59,.373,.490,19,25,.760,14,56,70,64,18,2,23,70,159,
Trevor Ariza,SF,34,SAC,32,0,791,64,165,.388,43,122,.352,21,43,.488,.518,21,27,.778,21,125,146,50,35,7,28,63,192,
D.J. Augustin,PG,32,ORL,39,6,1013,128,326,.393,47,136,.346,81,190,.426,.465,114,130,.877,15,80,95,184,27,1,54,44,417,
Deandre Ayton,C,21,PHO,14,9,445,108,202,.535,0,1,.000,108,201,.537,.535,30,36,.833,50,117,167,26,7,21,23,42,246,
Dwayne Bacon,SG,24,CHO,35,10,637,84,234,.359,19,65,.292,65,169,.385,.400,33,51,.647,13,74,87,49,22,2,32,50,220,
Marvin Bagley,PF,20,SAC,13,6,334,78,167,.467,4,22,.182,74,145,.510,.479,25,31,.806,29,68,97,10,6,12,18,43,185,
Lonzo Ball,PG,22,NOP,37,28,1149,168,428,.393,85,237,.359,83,191,.435,.492,27,50,.540,44,172,216,237,48,13,102,72,448,
Mo Bamba,C,21,ORL,41,0,627,89,200,.445,22,73,.301,67,127,.528,.500,15,24,.625,62,154,216,27,16,56,33,75,215,
J.J. Barea,PG,35,DAL,13,3,195,44,97,.454,20,42,.476,24,55,.436,.557,5,5,1.000,5,19,24,41,3,1,15,8,113,
Harrison Barnes,PF,27,SAC,44,44,1543,226,507,.446,60,169,.355,166,338,.491,.505,147,186,.790,42,176,218,92,28,7,53,50,659,
RJ Barrett,SG,19,NYK,41,41,1281,210,534,.393,47,143,.329,163,391,.417,.437,111,184,.603,44,171,215,101,43,16,90,92,578,
Will Barton,SF,29,DEN,41,41,1377,235,528,.445,70,191,.366,165,337,.490,.511,74,98,.755,62,209,271,155,47,21,58,86,614,
Keita Bates-Diop,SF,24,MIN,32,0,568,76,181,.420,30,84,.357,46,97,.474,.503,42,61,.689,18,77,95,19,15,15,13,31,224,
Nicolas Batum,SF,31,CHO,21,2,471,27,73,.370,14,46,.304,13,27,.481,.466,6,6,1.000,22,72,94,61,17,8,22,39,74,
Aron Baynes,C,33,PHO,33,25,756,146,298,.490,42,126,.333,104,172,.605,.560,44,61,.721,54,136,190,62,7,19,39,116,378,
Kent Bazemore,SF-SG,30,TOT,44,21,1127,115,330,.348,57,173,.329,58,157,.369,.435,60,76,.789,14,161,175,61,46,31,61,125,347,
Darius Bazley,PF,19,OKC,45,7,772,70,193,.363,27,88,.307,43,105,.410,.433,23,34,.676,18,150,168,24,16,32,37,43,190,
Bradley Beal,SG,26,WAS,36,36,1279,342,768,.445,88,283,.311,254,485,.524,.503,219,261,.839,37,129,166,227,36,11,118,82,991,
Malik Beasley,SG,23,DEN,34,0,586,93,233,.399,46,121,.380,47,112,.420,.498,20,22,.909,7,50,57,32,21,5,28,42,252,
Marco Belinelli,SG,33,SAS,39,0,597,78,210,.371,38,108,.352,40,102,.392,.462,28,36,.778,2,66,68,49,8,0,13,31,222,
Jordan Bell,C,25,MIN,25,0,221,30,57,.526,2,8,.250,28,49,.571,.544,17,29,.586,28,48,76,14,2,9,18,14,79,
DeAndre' Bembry,SG,25,ATL,43,4,915,104,228,.456,15,65,.231,89,163,.546,.489,26,48,.542,34,118,152,81,55,19,60,84,249,
Dragan Bender,SF,22,MIL,6,0,85,10,20,.500,4,9,.444,6,11,.545,.600,2,3,.667,0,18,18,8,0,4,5,15,26,
Dāvis Bertāns,PF,27,WAS,34,4,994,169,390,.433,125,295,.424,44,95,.463,.594,56,64,.875,26,134,160,58,22,22,30,88,519,
Patrick Beverley,PG,31,LAC,36,36,1020,110,260,.423,54,154,.351,56,106,.528,.527,24,38,.632,48,168,216,143,47,22,48,116,298,
Khem Birch,C,27,ORL,31,19,647,45,91,.495,0,1,.000,45,90,.500,.495,31,54,.574,56,94,150,31,14,18,21,61,121,
Goga Bitadze,C,20,IND,36,2,331,44,93,.473,4,23,.174,40,70,.571,.495,20,29,.690,21,61,82,18,2,26,18,45,112,
Bismack Biyombo,C,27,CHO,42,25,815,124,228,.544,0,0,,124,228,.544,.544,73,118,.619,98,150,248,36,9,36,37,94,321,
Nemanja Bjelica,PF,31,SAC,44,41,1227,208,427,.487,87,201,.433,121,226,.535,.589,43,50,.860,70,217,287,113,40,24,68,133,546,
Eric Bledsoe,PG,30,MIL,37,37,965,202,421,.480,46,130,.354,156,291,.536,.534,99,119,.832,26,142,168,187,32,19,81,80,549,
Bogdan Bogdanović,SG,27,SAC,33,0,925,176,413,.426,86,229,.376,90,184,.489,.530,40,61,.656,12,85,97,117,33,9,68,67,478,
Bojan Bogdanović,SF,30,UTA,43,43,1426,299,659,.454,130,312,.417,169,347,.487,.552,178,197,.904,26,152,178,87,26,5,116,76,906,
Jonah Bolden,PF,24,PHI,3,0,13,2,3,.667,0,1,.000,2,2,1.000,.667,0,2,.000,0,1,1,0,1,0,2,4,4,
Jordan Bone,PG,22,DET,5,0,16,2,7,.286,0,2,.000,2,5,.400,.286,0,0,,0,0,0,3,0,0,2,2,4,
Isaac Bonga,SF,20,WAS,38,26,662,63,117,.538,10,28,.357,53,89,.596,.581,33,44,.750,38,86,124,40,28,11,26,85,169,
Devin Booker,SG,23,PHO,41,41,1473,375,738,.508,76,212,.358,299,526,.568,.560,262,285,.919,24,143,167,258,33,9,159,126,1088,
Chris Boucher,PF,27,TOR,38,0,483,78,172,.453,20,63,.317,58,109,.532,.512,52,71,.732,72,95,167,17,13,34,16,64,228,
Brian Bowen,SG,21,IND,3,0,10,1,4,.250,0,1,.000,1,3,.333,.250,0,0,,0,1,1,0,0,1,0,0,2,
Ky Bowman,PG,22,GSW,37,10,827,108,264,.409,31,90,.344,77,174,.443,.468,24,29,.828,18,76,94,105,36,5,49,83,271,
Avery Bradley,SG,29,LAL,30,25,697,99,220,.450,21,75,.280,78,145,.538,.498,9,12,.750,14,53,67,32,27,2,33,70,228,
Tony Bradley,C,22,UTA,33,2,340,63,101,.624,0,0,,63,101,.624,.624,19,31,.613,55,83,138,9,9,15,18,68,145,
Jarrell Brantley,PF,23,UTA,2,0,9,0,0,,0,0,,0,0,,,0,0,,0,4,4,1,0,2,1,1,0,
Ignas Brazdeikis,SF,21,NYK,9,0,53,6,22,.273,1,9,.111,5,13,.385,.295,4,5,.800,2,3,5,4,0,1,2,3,17,
Mikal Bridges,SF,23,PHO,44,5,1050,123,233,.528,27,81,.333,96,152,.632,.586,56,70,.800,34,133,167,58,60,19,39,87,329,
Miles Bridges,SF,21,CHO,45,45,1363,210,481,.437,64,188,.340,146,293,.498,.503,60,75,.800,56,189,245,82,27,34,75,98,544,
Oshae Brissett,SF,21,TOR,13,0,113,11,30,.367,3,12,.250,8,18,.444,.417,5,6,.833,8,12,20,4,3,1,4,15,30,
Ryan Broekhoff,SG,29,DAL,10,0,77,11,25,.440,10,20,.500,1,5,.200,.640,5,6,.833,1,13,14,4,2,1,2,7,37,
Malcolm Brogdon,PG,27,IND,33,33,994,202,460,.439,46,134,.343,156,326,.479,.489,113,122,.926,23,119,142,241,24,6,83,61,563,
Dillon Brooks,SG,24,MEM,44,44,1229,245,590,.415,95,242,.393,150,348,.431,.496,98,117,.838,46,104,150,90,42,16,70,167,683,
Bruce Brown,SG,23,DET,43,34,1167,141,320,.441,23,69,.333,118,251,.470,.477,65,95,.684,41,141,182,165,53,23,73,114,370,
Charlie Brown,SG,22,ATL,5,0,27,3,10,.300,2,4,.500,1,6,.167,.400,5,5,1.000,2,2,4,1,0,2,0,0,13,
Jaylen Brown,SF,23,BOS,36,36,1202,260,530,.491,75,192,.391,185,338,.547,.561,124,165,.752,40,204,244,85,43,9,81,106,719,
Moses Brown,C,20,POR,7,0,23,4,9,.444,0,0,,4,9,.444,.444,2,4,.500,3,8,11,0,1,0,3,5,10,
Sterling Brown,SF,24,MIL,32,0,477,57,150,.380,26,77,.338,31,73,.425,.467,23,30,.767,21,102,123,32,19,4,29,35,163,
Troy Brown,SG,20,WAS,40,14,1027,161,350,.460,30,93,.323,131,257,.510,.503,61,80,.763,47,189,236,84,54,4,46,75,413,
Jalen Brunson,PG,23,DAL,43,8,721,123,268,.459,28,89,.315,95,179,.531,.511,39,49,.796,18,84,102,139,19,3,45,57,313,
Thomas Bryant,C,22,WAS,23,20,593,117,210,.557,12,38,.316,105,172,.610,.586,40,54,.741,46,126,172,53,9,21,33,52,286,
Reggie Bullock,SG,28,NYK,11,8,275,44,107,.411,17,54,.315,27,53,.509,.491,5,6,.833,7,13,20,14,17,0,6,26,110,
Trey Burke,PG,27,PHI,22,0,311,58,121,.479,16,36,.444,42,85,.494,.545,13,18,.722,14,20,34,50,7,1,12,19,145,
Alec Burks,SG,28,GSW,43,18,1261,220,542,.406,69,193,.358,151,349,.433,.470,178,197,.904,34,171,205,137,46,15,65,100,687,
Deonte Burton,SG,26,OKC,26,0,214,26,75,.347,5,34,.147,21,41,.512,.380,5,11,.455,5,29,34,9,4,7,8,24,62,
Jimmy Butler,SF,30,MIA,38,38,1330,222,504,.440,26,99,.263,196,405,.484,.466,301,363,.829,73,192,265,247,70,22,91,52,771,
Bruno Caboclo,SF,24,MEM,22,0,192,28,69,.406,4,25,.160,24,44,.545,.435,2,3,.667,17,27,44,10,10,12,7,23,62,
Kentavious Caldwell-Pope,SG,26,LAL,44,20,1122,154,331,.465,64,153,.418,90,178,.506,.562,57,69,.826,29,70,99,80,34,10,38,83,429,
Vlatko Čančar,SF,22,DEN,8,0,15,2,4,.500,1,2,.500,1,2,.500,.625,2,2,1.000,1,1,2,3,1,0,1,1,7,
Clint Capela,C,25,HOU,36,36,1200,231,367,.629,0,0,,231,367,.629,.629,52,93,.559,153,356,509,45,33,66,57,97,514,
DeMarre Carroll,SF,33,SAS,15,0,135,9,29,.310,3,13,.231,6,16,.375,.362,12,20,.600,7,24,31,11,2,2,10,20,33,
Jevon Carter,PG,24,PHO,29,2,393,38,101,.376,21,55,.382,17,46,.370,.480,7,9,.778,12,40,52,40,21,8,22,41,104,
Vince Carter,SF,43,ATL,38,0,572,66,198,.333,39,134,.291,27,64,.422,.432,15,21,.714,8,64,72,36,13,16,23,56,186,
Wendell Carter,C,20,CHI,37,37,1109,166,309,.537,6,28,.214,160,281,.569,.547,95,129,.736,130,236,366,44,30,33,62,142,433,
Michael Carter-Williams,SG,28,ORL,22,0,359,46,119,.387,8,34,.235,38,85,.447,.420,26,37,.703,20,47,67,44,23,9,21,35,126,
Alex Caruso,PG,25,LAL,41,0,783,76,186,.409,26,76,.342,50,110,.455,.478,46,58,.793,10,70,80,72,40,13,37,66,224,
Willie Cauley-Stein,C,26,GSW,41,37,940,144,257,.560,0,0,,144,257,.560,.560,35,57,.614,71,184,255,60,45,50,35,102,323,
Tyson Chandler,C,37,HOU,25,5,219,14,18,.778,0,0,,14,18,.778,.778,6,13,.462,25,41,66,6,6,8,8,32,34,
Wilson Chandler,SF,32,BRK,14,0,281,34,77,.442,12,43,.279,22,34,.647,.519,9,10,.900,3,61,64,18,9,5,16,29,89,
Zylan Cheatham,SF,24,NOP,3,0,31,2,5,.400,0,1,.000,2,4,.500,.400,0,0,,1,5,6,2,0,1,3,5,4,
Chris Chiozza,PG,24,TOT,11,0,130,10,37,.270,7,18,.389,3,19,.158,.365,0,0,,0,16,16,29,10,2,9,12,27,
Marquese Chriss,PF,22,GSW,41,3,720,113,225,.502,5,23,.217,108,202,.535,.513,74,98,.755,78,146,224,73,24,35,56,78,305,
Gary Clark,PF,25,TOT,23,0,281,31,75,.413,22,62,.355,9,13,.692,.560,6,7,.857,19,39,58,12,2,9,4,23,90,
Brandon Clarke,PF,23,MEM,38,2,816,192,305,.630,18,44,.409,174,261,.667,.659,55,68,.809,49,164,213,58,15,32,36,63,457,
Jordan Clarkson,SG,27,TOT,43,0,1020,222,497,.447,86,240,.358,136,257,.529,.533,95,112,.848,30,77,107,89,26,12,51,53,625,
Nicolas Claxton,PF,20,BRK,12,0,156,24,42,.571,1,7,.143,23,35,.657,.583,7,15,.467,16,16,32,14,1,8,7,12,56,
Chris Clemons,SG,22,HOU,25,0,224,48,111,.432,33,86,.384,15,25,.600,.581,4,5,.800,2,18,20,19,6,5,16,20,133,
Antonius Cleveland,SG,25,DAL,3,0,14,2,3,.667,0,1,.000,2,2,1.000,.667,0,0,,0,3,3,0,0,0,1,0,4,
Amir Coffey,SG,22,LAC,2,0,5,2,3,.667,1,2,.500,1,1,1.000,.833,0,0,,0,0,0,1,0,0,0,1,5,
John Collins,PF,22,ATL,19,19,583,139,270,.515,27,76,.355,112,194,.577,.565,43,55,.782,45,143,188,25,15,40,32,68,348,
Zach Collins,PF,22,POR,3,3,86,9,19,.474,3,7,.429,6,12,.500,.553,6,6,1.000,4,8,12,6,0,2,6,11,27,
Mike Conley,PG,32,UTA,25,22,699,110,292,.377,43,121,.355,67,171,.392,.450,61,76,.803,16,60,76,108,19,4,47,52,324,
Pat Connaughton,SG,27,MIL,41,0,724,77,175,.440,26,91,.286,51,84,.607,.514,18,25,.720,31,139,170,69,12,22,34,40,198,
Quinn Cook,PG,26,LAL,29,0,366,67,147,.456,21,55,.382,46,92,.500,.527,6,9,.667,6,31,37,37,10,1,22,20,161,
Tyler Cook,PF,22,CLE,9,0,31,6,8,.750,0,0,,6,8,.750,.750,5,6,.833,4,4,8,1,1,0,1,4,17,
Robert Covington,PF,29,MIN,43,42,1252,191,440,.434,95,275,.345,96,165,.582,.542,67,84,.798,32,223,255,51,72,39,64,126,544,
Allen Crabbe,SG,27,TOT,30,1,559,55,154,.357,32,101,.317,23,53,.434,.461,9,12,.750,10,58,68,31,15,4,13,39,151,
Torrey Craig,SF,29,DEN,31,9,451,43,104,.413,12,50,.240,31,54,.574,.471,13,20,.650,22,53,75,18,12,19,14,63,111,
Jae Crowder,SF,29,MEM,41,41,1214,137,375,.365,74,251,.295,63,124,.508,.464,62,80,.775,38,215,253,116,43,14,52,80,410,
Jarrett Culver,SG,20,MIN,43,30,1065,165,420,.393,45,162,.278,120,258,.465,.446,41,88,.466,55,100,155,84,42,30,60,87,416,
Seth Curry,SG,29,DAL,41,9,923,152,332,.458,75,190,.395,77,142,.542,.571,51,57,.895,19,60,79,70,23,7,40,67,430,
Stephen Curry,PG,31,GSW,4,4,112,27,66,.409,9,37,.243,18,29,.621,.477,18,18,1.000,4,16,20,26,5,2,15,10,81,
Troy Daniels,SG,28,LAL,33,0,398,55,135,.407,36,95,.379,19,40,.475,.541,7,10,.700,7,30,37,12,8,2,7,24,153,
Anthony Davis,PF,26,LAL,37,37,1284,340,676,.503,39,130,.300,301,546,.551,.532,266,307,.866,80,258,338,120,56,94,87,94,985,
Ed Davis,C,30,UTA,22,0,239,12,32,.375,0,0,,12,32,.375,.375,5,11,.455,25,63,88,8,9,9,13,51,29,
Terence Davis,SG,22,TOR,44,1,745,117,253,.462,56,141,.397,61,112,.545,.573,30,32,.938,33,119,152,86,23,8,46,65,320,
Dewayne Dedmon,C,30,SAC,29,5,417,58,143,.406,13,61,.213,45,82,.549,.451,21,26,.808,38,90,128,11,9,13,39,74,150,
Matthew Dellavedova,PG,29,CLE,41,0,524,40,120,.333,11,64,.172,29,56,.518,.379,25,28,.893,12,37,49,109,15,1,35,60,116,
DeMar DeRozan,SF,30,SAS,43,43,1473,365,685,.533,8,27,.296,357,658,.543,.539,227,270,.841,28,212,240,224,46,12,108,123,965,
Cheick Diallo,C,23,PHO,28,0,257,52,79,.658,1,2,.500,51,77,.662,.665,21,25,.840,17,54,71,14,6,4,14,26,126,
Hamidou Diallo,SF,21,OKC,25,2,487,72,165,.436,5,25,.200,67,140,.479,.452,23,36,.639,20,57,77,17,23,5,26,55,172,
Gorgui Dieng,C,30,MIN,40,17,724,115,257,.447,43,109,.394,72,148,.486,.531,45,56,.804,68,170,238,54,36,38,38,85,318,
Spencer Dinwiddie,SG,26,BRK,42,31,1304,303,723,.419,81,268,.302,222,455,.488,.475,229,295,.776,17,118,135,268,30,14,122,131,916,
Donte DiVincenzo,SG,23,MIL,41,20,930,138,308,.448,49,147,.333,89,161,.553,.528,38,48,.792,36,151,187,95,63,11,50,64,363,
Luka Dončić,PG,20,DAL,39,39,1282,369,791,.466,116,355,.327,253,436,.580,.540,282,363,.777,57,322,379,350,40,7,168,95,1136,
Luguentz Dort,SG,20,OKC,10,2,193,15,43,.349,3,21,.143,12,22,.545,.384,11,16,.688,3,9,12,9,6,0,7,31,44,
Damyean Dotson,SG,25,NYK,38,0,644,91,225,.404,41,126,.325,50,99,.505,.496,16,24,.667,7,65,72,46,17,4,16,29,239,
Sekou Doumbouya,SF,19,DET,18,10,340,51,109,.468,13,43,.302,38,66,.576,.528,20,30,.667,8,52,60,8,9,5,14,40,135,
PJ Dozier,PG,23,DEN,5,0,77,19,39,.487,3,10,.300,16,29,.552,.526,0,0,,1,10,11,10,0,0,4,10,41,
Goran Dragić,PG,33,MIA,34,1,951,186,412,.451,76,194,.392,110,218,.505,.544,89,122,.730,15,89,104,170,19,7,89,63,537,
Andre Drummond,C,26,DET,42,41,1406,298,561,.531,1,20,.050,297,541,.549,.532,129,215,.600,185,474,659,115,88,74,152,153,726,
Jared Dudley,SF,34,LAL,30,1,256,16,38,.421,13,27,.481,3,11,.273,.592,2,2,1.000,3,25,28,18,9,2,6,34,47,
Kris Dunn,PG,25,CHI,46,27,1157,136,318,.428,28,107,.262,108,211,.512,.472,37,50,.740,22,144,166,152,92,15,61,147,337,
Carsen Edwards,SG,21,BOS,28,0,279,32,100,.320,19,61,.311,13,39,.333,.415,11,13,.846,5,35,40,22,10,2,15,24,94,
Henry Ellenson,PF,23,BRK,5,0,15,1,7,.143,0,4,.000,1,3,.333,.143,0,0,,2,4,6,1,0,0,0,1,2,
Wayne Ellington,SG,32,NYK,23,1,330,32,99,.323,25,81,.309,7,18,.389,.449,4,6,.667,2,36,38,23,8,2,14,22,93,
Joel Embiid,C,25,PHI,31,31,963,238,504,.472,38,118,.322,200,386,.518,.510,211,252,.837,79,303,382,102,25,42,93,109,725,
James Ennis,SF,29,PHI,44,0,736,95,214,.444,37,102,.363,58,112,.518,.530,48,61,.787,48,97,145,39,21,13,29,83,275,
Drew Eubanks,PF,22,SAS,7,0,38,9,14,.643,0,0,,9,14,.643,.643,3,3,1.000,6,10,16,2,0,1,4,5,21,
Jacob Evans,SG,22,GSW,22,0,330,34,109,.312,10,29,.345,24,80,.300,.358,19,23,.826,7,26,33,22,7,8,25,32,97,
Dante Exum,SG,24,TOT,22,0,279,36,74,.486,10,26,.385,26,48,.542,.554,17,25,.680,3,30,33,22,6,4,21,21,99,
Tacko Fall,C,24,BOS,4,0,21,8,11,.727,0,0,,8,11,.727,.727,1,3,.333,0,10,10,0,0,2,3,4,17,
Derrick Favors,C,28,NOP,26,24,628,117,187,.626,1,4,.250,116,183,.634,.628,20,34,.588,86,177,263,52,16,28,33,61,255,
Cristiano Felício,PF,27,CHI,6,0,71,9,12,.750,0,0,,9,12,.750,.750,3,3,1.000,9,8,17,4,1,0,2,4,21,
Terrance Ferguson,SF,21,OKC,36,36,935,66,166,.398,41,128,.320,25,38,.658,.521,9,11,.818,20,40,60,34,21,12,26,116,182,
Bruno Fernando,C,21,ATL,40,9,490,66,135,.489,4,28,.143,62,107,.579,.504,24,39,.615,49,81,130,38,14,14,34,73,160,
Yogi Ferrell,PG,26,SAC,33,0,408,59,137,.431,16,51,.314,43,86,.500,.489,28,32,.875,5,35,40,49,11,3,19,25,162,
Dorian Finney-Smith,PF,26,DAL,43,40,1272,142,307,.463,67,178,.376,75,129,.581,.572,48,67,.716,86,141,227,60,30,22,40,97,399,
Bryn Forbes,SG,26,SAS,43,42,1107,170,422,.403,100,270,.370,70,152,.461,.521,50,61,.820,10,86,96,75,21,0,41,80,490,
Evan Fournier,SG,27,ORL,44,44,1380,295,625,.472,113,278,.406,182,347,.524,.562,129,158,.816,7,107,114,146,46,8,91,110,832,
De'Aaron Fox,PG,22,SAC,26,24,815,183,385,.475,26,85,.306,157,300,.523,.509,107,155,.690,22,88,110,186,39,12,87,78,499,
Melvin Frazier,SG,23,ORL,11,0,43,6,17,.353,4,7,.571,2,10,.200,.471,2,4,.500,1,3,4,1,3,2,2,8,18,
Michael Frazier,SG,25,HOU,4,0,20,2,6,.333,1,5,.200,1,1,1.000,.417,0,0,,1,2,3,1,1,0,0,4,5,
Tim Frazier,PG,29,DET,26,11,351,34,93,.366,10,30,.333,24,63,.381,.419,19,24,.792,9,24,33,93,14,4,35,42,97,
Markelle Fultz,PG,21,ORL,44,39,1208,217,468,.464,20,77,.260,197,391,.504,.485,70,94,.745,21,134,155,204,55,8,87,85,524,
Wenyen Gabriel,PF,22,SAC,11,0,61,6,17,.353,1,8,.125,5,9,.556,.382,6,10,.600,4,6,10,3,3,2,5,7,19,
Daniel Gafford,C,21,CHI,32,4,411,67,99,.677,0,0,,67,99,.677,.677,19,36,.528,38,39,77,14,9,42,15,60,153,
Danilo Gallinari,PF,31,OKC,38,38,1164,221,510,.433,116,284,.408,105,226,.465,.547,163,180,.906,27,192,219,84,26,4,53,49,721,
Langston Galloway,SG,28,DET,45,6,1139,156,363,.430,88,226,.389,68,137,.496,.551,61,71,.859,18,79,97,67,37,8,27,58,461,
Darius Garland,PG,20,CLE,44,44,1316,204,511,.399,81,228,.355,123,283,.435,.478,52,60,.867,19,69,88,160,34,0,118,66,541,
Marc Gasol,C,35,TOR,32,32,891,89,212,.420,45,112,.402,44,100,.440,.526,25,35,.714,24,180,204,112,28,31,42,94,248,
Rudy Gay,PF,33,SAS,40,5,889,152,341,.446,43,130,.331,109,211,.517,.509,72,85,.847,40,190,230,71,19,23,58,57,419,
Paul George,SF,29,LAC,26,26,799,198,462,.429,94,238,.395,104,224,.464,.530,120,132,.909,12,143,155,97,38,12,85,65,610,
Taj Gibson,C,34,NYK,42,36,697,100,182,.549,2,10,.200,98,172,.570,.555,25,34,.735,75,106,181,41,22,16,35,92,227,
Harry Giles,PF,21,SAC,18,3,194,36,79,.456,0,0,,36,79,.456,.456,12,14,.857,12,37,49,22,10,4,18,40,84,
Shai Gilgeous-Alexander,SG,21,OKC,45,45,1600,325,686,.474,53,156,.340,272,530,.513,.512,186,226,.823,32,239,271,137,57,23,87,74,889,
Rudy Gobert,C,27,UTA,42,42,1438,254,372,.683,0,0,,254,372,.683,.683,147,238,.618,154,454,608,70,31,82,79,128,655,
Brandon Goodwin,PG,24,ATL,16,1,205,38,95,.400,15,44,.341,23,51,.451,.479,14,14,1.000,4,28,32,25,8,3,15,24,105,
Aaron Gordon,PF,24,ORL,39,39,1225,199,469,.424,44,150,.293,155,319,.486,.471,80,118,.678,65,215,280,114,28,20,62,78,522,
Eric Gordon,SG,31,HOU,19,4,550,89,247,.360,58,168,.345,31,79,.392,.478,26,41,.634,6,29,35,23,7,5,23,40,262,
Devonte' Graham,PG,24,CHO,45,35,1585,263,699,.376,164,425,.386,99,274,.361,.494,147,178,.826,36,128,164,345,39,13,134,84,837,
Treveon Graham,SG,26,TOT,35,20,684,64,180,.356,21,86,.244,43,94,.457,.414,28,39,.718,31,72,103,30,17,2,20,68,177,
Jerami Grant,PF,25,DEN,44,11,1081,164,352,.466,52,139,.374,112,213,.526,.540,81,118,.686,33,117,150,42,24,32,35,87,461,
Josh Gray,PG,26,NOP,2,0,23,1,2,.500,0,0,,1,2,.500,.500,0,0,,1,1,2,2,0,0,5,1,2,
Danny Green,SG,32,LAL,43,43,1079,136,318,.428,83,218,.381,53,100,.530,.558,26,37,.703,30,123,153,57,53,20,36,95,381,
Draymond Green,PF,29,GSW,33,33,960,98,255,.384,27,99,.273,71,156,.455,.437,52,69,.754,18,189,207,182,49,25,73,85,275,
JaMychal Green,PF,29,LAC,36,0,763,82,205,.400,48,139,.345,34,66,.515,.517,27,35,.771,54,180,234,26,17,15,34,96,239,
Javonte Green,SF,26,BOS,35,0,293,43,83,.518,6,19,.316,37,64,.578,.554,21,30,.700,11,41,52,13,14,5,11,26,113,
Jeff Green,PF,33,UTA,30,2,553,75,195,.385,34,104,.327,41,91,.451,.472,49,63,.778,14,67,81,20,12,10,27,46,233,
Blake Griffin,PF,30,DET,18,18,512,88,250,.352,27,111,.243,61,139,.439,.406,76,98,.776,17,67,84,59,7,7,40,27,279,
Marko Guduric,SG,24,MEM,29,0,398,47,128,.367,18,65,.277,29,63,.460,.438,17,19,.895,12,44,56,38,9,7,29,26,129,
Kyle Guy,SG,22,SAC,1,0,3,0,1,.000,0,1,.000,0,0,,.000,0,0,,0,0,0,0,0,0,0,0,0,
Rui Hachimura,PF,21,WAS,25,25,729,146,303,.482,10,48,.208,136,255,.533,.498,46,54,.852,39,106,145,40,18,3,20,57,348,
Devon Hall,SG,24,OKC,5,0,20,1,5,.200,0,2,.000,1,3,.333,.200,3,4,.750,0,1,1,3,0,0,1,1,5,
Tim Hardaway,SG,27,DAL,40,27,1047,200,465,.430,107,273,.392,93,192,.484,.545,68,87,.782,16,102,118,66,25,4,33,70,575,
James Harden,SG,30,HOU,42,42,1559,444,1006,.441,200,555,.360,244,451,.541,.541,451,525,.859,46,216,262,309,69,37,195,135,1539,
Maurice Harkless,SF,26,LAC,44,32,992,97,188,.516,20,60,.333,77,128,.602,.569,24,42,.571,44,131,175,42,44,28,42,105,238,
Jared Harper,PG,22,PHO,1,0,2,0,1,.000,0,1,.000,0,0,,.000,0,0,,0,0,0,0,0,0,0,0,0,
Montrezl Harrell,C,26,LAC,44,2,1266,346,605,.572,0,15,.000,346,590,.586,.572,161,256,.629,124,191,315,77,31,48,84,99,853,
Gary Harris,SG,25,DEN,37,37,1217,153,363,.421,50,158,.316,103,205,.502,.490,51,62,.823,20,82,102,81,54,10,38,87,407,
Joe Harris,SF,28,BRK,41,41,1302,213,463,.460,100,245,.408,113,218,.518,.568,47,64,.734,37,134,171,86,27,12,61,101,573,
Tobias Harris,PF,27,PHI,46,46,1579,348,729,.477,82,229,.358,266,500,.532,.534,111,139,.799,33,274,307,136,37,28,70,108,889,
Shaquille Harrison,SF,26,CHI,27,4,193,26,65,.400,4,15,.267,22,50,.440,.431,18,26,.692,7,28,35,25,12,5,6,22,74,
Josh Hart,SF,24,NOP,38,11,1078,138,333,.414,81,232,.349,57,101,.564,.536,48,64,.750,36,192,228,55,40,13,48,107,405,
Isaiah Hartenstein,C,21,HOU,19,2,242,41,60,.683,0,3,.000,41,57,.719,.683,18,26,.692,25,58,83,16,8,12,13,37,100,
Udonis Haslem,PF,39,MIA,2,0,11,1,1,1.000,0,0,,1,1,1.000,1.000,3,4,.750,0,3,3,0,0,0,0,3,5,
Jaxson Hayes,C,19,NOP,42,12,833,137,205,.668,1,4,.250,136,201,.677,.671,92,145,.634,74,124,198,41,21,49,34,123,367,
Gordon Hayward,SF,29,BOS,27,27,861,175,343,.510,39,107,.364,136,236,.576,.567,46,53,.868,25,133,158,111,20,11,44,49,435,
John Henson,PF,29,CLE,21,1,277,43,82,.524,3,19,.158,40,63,.635,.543,13,26,.500,22,58,80,30,12,25,15,32,102,
Dewan Hernandez,C,23,TOR,4,0,11,1,5,.200,0,1,.000,1,4,.250,.200,2,2,1.000,2,5,7,0,1,0,1,6,4,
Juan Hernangómez,PF,24,DEN,29,0,342,29,84,.345,13,50,.260,16,34,.471,.423,10,19,.526,15,55,70,19,3,3,13,21,81,
Willy Hernangómez,C,25,CHO,16,0,119,29,49,.592,4,11,.364,25,38,.658,.633,12,25,.480,16,28,44,5,1,4,11,8,74,
Tyler Herro,SG,20,MIA,41,3,1137,196,468,.419,89,221,.403,107,247,.433,.514,59,69,.855,13,157,170,87,28,3,69,54,540,
Kevin Hervey,PF,23,OKC,4,0,9,0,4,.000,0,3,.000,0,1,.000,.000,0,0,,0,2,2,1,0,0,0,1,0,
Mario Hezonja,PF,24,POR,33,4,551,52,131,.397,13,42,.310,39,89,.438,.447,35,41,.854,21,108,129,27,20,4,28,75,152,
Buddy Hield,SG,27,SAC,44,44,1513,322,774,.416,156,433,.360,166,341,.487,.517,80,98,.816,39,182,221,143,39,14,114,116,880,
George Hill,PG,33,MIL,42,0,883,147,270,.544,65,122,.533,82,148,.554,.665,51,63,.810,39,90,129,127,31,4,37,58,410,
Solomon Hill,SF,28,MEM,42,2,792,87,216,.403,50,134,.373,37,82,.451,.519,22,31,.710,22,108,130,82,30,7,33,58,246,
Jaylen Hoard,SF,20,POR,12,0,94,13,29,.448,0,3,.000,13,26,.500,.448,6,11,.545,13,17,30,4,5,0,4,10,32,
Aaron Holiday,PG,23,IND,43,18,995,163,391,.417,64,157,.408,99,234,.423,.499,47,54,.870,16,83,99,148,33,9,60,79,437,
Jrue Holiday,SG,29,NOP,36,36,1279,282,637,.443,75,211,.355,207,426,.486,.502,76,105,.724,46,127,173,226,61,27,109,77,715,
Justin Holiday,SG,30,IND,45,2,1138,127,300,.423,81,195,.415,46,105,.438,.558,30,38,.789,18,134,152,65,44,29,24,79,365,
Rondae Hollis-Jefferson,SF,25,TOR,36,2,722,105,223,.471,2,14,.143,103,209,.493,.475,73,99,.737,79,107,186,63,34,14,36,76,285,
Richaun Holmes,C,26,SAC,37,33,1087,204,309,.660,0,0,,204,309,.660,.660,76,93,.817,113,201,314,37,39,52,46,144,484,
Rodney Hood,SF,27,POR,21,21,619,87,172,.506,35,71,.493,52,101,.515,.608,21,27,.778,10,62,72,32,17,4,19,46,230,
Al Horford,C,33,PHI,42,42,1303,216,481,.449,57,179,.318,159,302,.526,.508,35,50,.700,69,209,278,167,40,40,45,93,524,
Talen Horton-Tucker,SG,19,LAL,2,0,5,0,1,.000,0,1,.000,0,0,,.000,0,0,,0,0,0,2,1,0,0,0,0,
Danuel House,SF,26,HOU,37,29,1120,129,304,.424,72,198,.364,57,106,.538,.543,42,56,.750,38,107,145,44,34,20,33,82,372,
Dwight Howard,C,34,LAL,44,0,884,136,188,.723,3,5,.600,133,183,.727,.731,60,121,.496,112,227,339,31,19,65,55,147,335,
Kevin Huerter,SG,21,ATL,34,26,953,140,343,.408,72,184,.391,68,159,.428,.513,38,46,.826,21,124,145,115,30,16,59,76,390,
De'Andre Hunter,SF,22,ATL,44,43,1365,191,478,.400,69,208,.332,122,270,.452,.472,74,97,.763,23,144,167,78,29,12,72,119,525,
Chandler Hutchison,SF,23,CHI,19,6,303,39,86,.453,8,18,.444,31,68,.456,.500,29,47,.617,4,57,61,13,18,5,19,29,115,
Serge Ibaka,C,30,TOR,34,14,901,204,407,.501,33,89,.371,171,318,.538,.542,64,86,.744,72,212,284,43,17,28,67,95,505,
Ersan İlyasova,PF,32,MIL,41,4,682,116,233,.498,38,102,.373,78,131,.595,.579,53,64,.828,48,172,220,40,16,13,23,62,323,
Joe Ingles,SF,32,UTA,44,24,1314,167,370,.451,97,230,.422,70,140,.500,.582,47,60,.783,16,170,186,219,40,6,85,89,478,
Brandon Ingram,PF,22,NOP,40,40,1386,351,745,.471,99,251,.394,252,494,.510,.538,220,258,.853,36,229,265,172,37,32,121,116,1021,
Kyrie Irving,PG,27,BRK,15,15,491,146,318,.459,38,105,.362,108,213,.507,.519,68,74,.919,16,64,80,103,21,8,33,37,398,
Jonathan Isaac,SF,22,ORL,32,32,949,149,322,.463,30,91,.330,119,231,.515,.509,56,73,.767,57,165,222,44,50,78,47,79,384,
Wesley Iwundu,SF,25,ORL,31,10,569,49,137,.358,10,40,.250,39,97,.402,.394,42,52,.808,18,66,84,30,20,10,16,49,150,
Frank Jackson,PG,21,NOP,36,1,498,79,200,.395,28,92,.304,51,108,.472,.465,34,44,.773,13,34,47,29,13,2,32,50,220,
Jaren Jackson,C,20,MEM,43,43,1204,277,582,.476,113,278,.406,164,304,.539,.573,94,125,.752,45,161,206,62,29,64,72,175,761,
Justin Jackson,PF,24,DAL,38,2,611,87,212,.410,34,109,.312,53,103,.515,.491,23,28,.821,16,76,92,22,9,5,7,47,231,
Reggie Jackson,PG,29,DET,3,2,55,12,25,.480,4,12,.333,8,13,.615,.560,4,4,1.000,1,7,8,12,2,0,2,2,32,
Justin James,SG,23,SAC,25,0,205,28,70,.400,8,24,.333,20,46,.435,.457,4,13,.308,4,24,28,14,6,9,8,15,68,
LeBron James,PG,35,LAL,42,42,1462,405,823,.492,87,254,.343,318,569,.559,.545,159,229,.694,43,276,319,454,57,20,160,73,1056,
Amile Jefferson,PF,26,ORL,15,0,70,5,13,.385,0,0,,5,13,.385,.385,4,12,.333,8,13,21,4,0,3,3,7,14,
DaQuan Jeffries,SG,22,SAC,3,0,12,1,3,.333,0,1,.000,1,2,.500,.333,0,0,,1,0,1,1,0,0,0,3,2,
Ty Jerome,PG,22,PHO,14,0,153,17,53,.321,6,21,.286,11,32,.344,.377,4,5,.800,4,16,20,24,12,2,9,16,44,
Alize Johnson,SF,23,IND,11,0,46,7,14,.500,0,0,,7,14,.500,.500,4,6,.667,6,9,15,2,0,0,1,6,18,
B.J. Johnson,SF,24,ORL,4,0,38,5,14,.357,1,5,.200,4,9,.444,.393,0,0,,1,3,4,2,2,0,3,0,11,
Cameron Johnson,PF,23,PHO,38,0,754,102,243,.420,66,166,.398,36,77,.468,.556,27,36,.750,35,81,116,36,17,12,24,56,297,
James Johnson,PF,32,MIA,14,0,230,36,68,.529,16,35,.457,20,33,.606,.647,8,14,.571,7,34,41,13,3,11,10,27,96,
Keldon Johnson,SF,20,SAS,2,0,7,1,4,.250,0,0,,1,4,.250,.250,0,0,,0,2,2,0,0,0,0,0,2,
Stanley Johnson,PF,23,TOR,14,0,73,7,26,.269,2,12,.167,5,14,.357,.308,3,4,.750,3,12,15,4,3,1,7,7,19,
Tyler Johnson,SG,27,PHO,28,3,473,59,157,.376,20,74,.270,39,83,.470,.439,22,30,.733,10,41,51,47,10,7,22,38,160,
Nikola Jokić,C,24,DEN,44,44,1390,331,650,.509,56,171,.327,275,479,.574,.552,136,174,.782,104,336,440,283,43,25,122,135,854,
Damian Jones,C,24,ATL,40,20,646,94,136,.691,2,6,.333,92,130,.708,.699,46,64,.719,52,87,139,24,15,32,22,116,236,
Derrick Jones,SF,22,MIA,30,2,728,93,197,.472,18,77,.234,75,120,.625,.518,51,66,.773,24,101,125,27,31,21,22,69,255,
Tyus Jones,PG,23,MEM,44,6,833,114,259,.440,24,69,.348,90,190,.474,.486,24,32,.750,5,65,70,202,38,6,42,31,276,
DeAndre Jordan,C,31,BRK,37,4,777,120,183,.656,0,0,,120,183,.656,.656,55,81,.679,87,273,360,73,15,35,48,73,295,
Cory Joseph,PG,28,SAC,44,20,1105,107,269,.398,28,88,.318,79,181,.436,.450,35,42,.833,23,93,116,152,32,14,50,90,277,
Mfiondu Kabengele,C,22,LAC,10,0,44,10,22,.455,6,12,.500,4,10,.400,.591,3,3,1.000,1,7,8,1,1,1,1,6,29,
Frank Kaminsky,C,26,PHO,32,13,718,127,279,.455,39,112,.348,88,167,.527,.525,59,88,.670,30,128,158,71,13,10,33,69,352,
Enes Kanter,C,27,BOS,36,4,667,148,246,.602,1,5,.200,147,241,.610,.604,45,66,.682,107,187,294,38,16,32,39,68,342,
Luke Kennard,SG,23,DET,28,25,922,151,342,.442,73,183,.399,78,159,.491,.548,67,75,.893,9,89,98,115,12,6,43,65,442,
Stanton Kidd,SF,27,UTA,4,0,15,0,3,.000,0,1,.000,0,2,.000,.000,0,0,,0,3,3,1,0,0,2,3,0,
Michael Kidd-Gilchrist,PF,26,CHO,12,0,160,18,53,.340,5,17,.294,13,36,.361,.387,7,9,.778,9,26,35,10,0,3,7,18,48,
Louis King,SF,20,DET,5,0,13,3,7,.429,1,3,.333,2,4,.500,.500,0,0,,1,2,3,1,1,0,1,3,7,
Maxi Kleber,C,28,DAL,42,10,1060,130,279,.466,69,175,.394,61,104,.587,.590,52,59,.881,64,163,227,43,13,39,34,96,381,
Brandon Knight,PG,28,CLE,16,0,241,28,86,.326,19,64,.297,9,22,.409,.436,4,13,.308,3,17,20,31,5,2,16,20,79,
Kevin Knox,SF,20,NYK,44,4,840,110,292,.377,51,151,.338,59,141,.418,.464,54,83,.651,17,122,139,46,20,18,29,69,325,
John Konchar,SG,23,MEM,2,0,8,0,0,,0,0,,0,0,,,0,0,,0,1,1,0,0,0,0,0,0,
Furkan Korkmaz,SG,22,PHI,45,11,931,146,335,.436,81,205,.395,65,130,.500,.557,29,42,.690,10,88,98,37,23,10,29,64,402,
Luke Kornet,C,24,CHI,26,4,328,43,110,.391,20,71,.282,23,39,.590,.482,13,16,.813,11,38,49,21,7,21,8,32,119,
Kyle Korver,SF,38,MIL,39,0,652,82,190,.432,65,150,.433,17,40,.425,.603,22,26,.846,9,65,74,47,18,7,32,47,251,
Rodions Kurucs,PF,21,BRK,27,4,359,43,92,.467,18,41,.439,25,51,.490,.565,12,20,.600,14,54,68,24,11,2,28,52,116,
Kyle Kuzma,PF,24,LAL,35,6,869,169,394,.429,56,167,.335,113,227,.498,.500,64,87,.736,28,112,140,36,11,15,53,62,458,
Skal Labissière,C,23,POR,33,1,567,81,147,.551,3,13,.231,78,134,.582,.561,25,33,.758,65,104,169,42,7,31,30,89,190,
Jeremy Lamb,SG,27,IND,34,34,976,160,367,.436,38,124,.306,122,243,.502,.488,70,81,.864,19,140,159,77,42,17,41,75,428,
Romeo Langford,SG,20,BOS,12,0,110,10,22,.455,2,9,.222,8,13,.615,.500,7,8,.875,5,6,11,2,3,2,2,7,29,
Zach LaVine,SG,24,CHI,46,46,1570,397,893,.445,141,362,.390,256,531,.482,.524,214,259,.826,32,186,218,177,66,22,147,101,1149,
Jake Layman,PF,25,MIN,14,2,369,61,132,.462,19,54,.352,42,78,.538,.534,6,10,.600,12,29,41,11,12,10,18,31,147,
T.J. Leaf,PF,22,IND,22,1,180,28,66,.424,5,14,.357,23,52,.442,.462,6,10,.600,20,40,60,6,7,3,6,17,67,
Jalen Lecque,PG,19,PHO,1,0,2,0,1,.000,0,0,,0,1,.000,.000,0,0,,0,0,0,0,0,0,0,0,0,
Courtney Lee,SG,34,DAL,10,3,80,13,23,.565,7,12,.583,6,11,.545,.717,0,0,,0,5,5,3,0,2,2,6,33,
Damion Lee,SG,27,GSW,30,17,831,122,302,.404,39,115,.339,83,187,.444,.469,78,89,.876,26,133,159,76,28,3,44,64,361,
Alex Len,C,26,ATL,39,9,731,142,257,.553,14,56,.250,128,201,.637,.580,51,81,.630,67,159,226,42,19,30,39,93,349,
Kawhi Leonard,SF,28,LAC,34,34,1095,326,700,.466,65,183,.355,261,517,.505,.512,206,232,.888,37,214,251,169,68,21,110,67,923,
Meyers Leonard,PF,27,MIA,44,44,886,102,195,.523,45,104,.433,57,91,.626,.638,16,23,.696,25,192,217,52,13,15,31,91,265,
Caris LeVert,SG,25,BRK,17,9,471,97,244,.398,24,67,.358,73,177,.412,.447,35,56,.625,17,53,70,59,11,2,49,30,253,
Damian Lillard,PG,29,POR,43,43,1586,375,840,.446,154,418,.368,221,422,.524,.538,296,334,.886,20,158,178,326,42,15,120,76,1200,
Nassir Little,PF,19,POR,34,5,422,42,108,.389,8,41,.195,34,67,.507,.426,21,33,.636,25,65,90,18,9,12,13,52,113,
Kevon Looney,C,23,GSW,10,3,105,11,32,.344,1,2,.500,10,30,.333,.359,3,5,.600,15,14,29,4,3,2,6,17,26,
Brook Lopez,C,31,MIL,43,43,1130,157,381,.412,60,203,.296,97,178,.545,.491,61,71,.859,27,176,203,67,31,110,38,95,435,
Robin Lopez,C,31,MIL,42,2,600,98,192,.510,17,63,.270,81,129,.628,.555,20,39,.513,40,75,115,28,6,29,37,53,233,
Kevin Love,PF,31,CLE,37,37,1159,211,468,.451,87,237,.367,124,231,.537,.544,130,154,.844,32,343,375,107,21,14,99,58,639,
Kyle Lowry,PG,33,TOR,33,33,1224,198,485,.408,98,282,.348,100,203,.493,.509,165,194,.851,19,129,148,248,38,14,95,103,659,
Timothé Luwawu-Cabarrot,SG,24,BRK,20,0,341,36,84,.429,17,43,.395,19,41,.463,.530,17,23,.739,9,38,47,13,10,1,19,39,106,
Trey Lyles,PF,24,SAS,43,33,750,78,189,.413,31,94,.330,47,95,.495,.495,15,22,.682,52,196,248,52,13,15,27,59,202,
Daryl Macon,SG,24,MIA,4,0,14,1,3,.333,1,2,.500,0,1,.000,.500,0,0,,0,0,0,1,0,0,2,1,3,
Josh Magette,PG,30,ORL,8,0,38,5,15,.333,1,4,.250,4,11,.364,.367,1,2,.500,1,5,6,5,3,1,5,4,12,
Ian Mahinmi,C,33,WAS,23,20,520,71,138,.514,5,18,.278,66,120,.550,.533,47,78,.603,54,86,140,35,21,34,33,71,194,
Thon Maker,C,22,DET,42,4,467,50,98,.510,11,31,.355,39,67,.582,.566,51,78,.654,28,63,91,18,14,24,29,62,162,
Terance Mann,SG,23,LAC,28,6,235,21,48,.438,2,10,.200,19,38,.500,.458,9,12,.750,4,23,27,31,6,5,14,29,53,
Boban Marjanović,C,31,DAL,22,1,224,59,105,.562,2,7,.286,57,98,.582,.571,21,30,.700,31,71,102,8,4,5,18,36,141,
Lauri Markkanen,PF,22,CHI,46,46,1395,233,550,.424,101,294,.344,132,256,.516,.515,123,149,.826,57,241,298,70,39,22,77,92,690,
Caleb Martin,SF,24,CHO,5,0,32,3,10,.300,0,3,.000,3,7,.429,.300,3,5,.600,1,4,5,3,1,2,3,3,9,
Cody Martin,SF,24,CHO,32,0,457,42,107,.393,8,41,.195,34,66,.515,.430,29,42,.690,19,59,78,37,22,6,19,45,121,
Kelan Martin,SF,24,MIN,17,3,295,39,109,.358,15,57,.263,24,52,.462,.427,5,5,1.000,5,53,58,9,3,5,6,32,98,
Frank Mason,PG,25,MIL,4,0,18,1,7,.143,1,4,.250,0,3,.000,.214,2,4,.500,1,1,2,5,1,0,1,2,5,
Garrison Mathews,SG,23,WAS,15,0,196,23,50,.460,18,42,.429,5,8,.625,.640,29,32,.906,6,17,23,10,3,1,7,26,93,
Wesley Matthews,SG,33,MIL,42,42,1021,105,259,.405,65,177,.367,40,82,.488,.531,34,45,.756,10,93,103,60,28,6,28,61,309,
Patrick McCaw,SF,24,TOR,23,11,584,51,116,.440,16,48,.333,35,68,.515,.509,7,9,.778,11,38,49,57,27,4,23,39,125,
CJ McCollum,SG,28,POR,42,42,1495,359,793,.453,109,288,.378,250,505,.495,.521,75,95,.789,29,141,170,159,33,28,73,104,902,
T.J. McConnell,PG,27,IND,43,1,822,133,254,.524,4,11,.364,129,243,.531,.531,21,27,.778,20,94,114,233,30,7,60,45,291,
Jalen McDaniels,PF,22,CHO,2,0,7,2,5,.400,0,1,.000,2,4,.500,.400,0,0,,1,0,1,0,0,0,0,0,4,
Doug McDermott,PF,28,IND,45,0,939,170,358,.475,83,188,.441,87,170,.512,.591,27,34,.794,21,101,122,51,6,4,29,79,450,
JaVale McGee,C,32,LAL,44,44,749,141,218,.647,3,5,.600,138,213,.648,.654,36,58,.621,87,172,259,31,24,75,34,106,321,
Rodney McGruder,SG,28,LAC,33,3,574,47,121,.388,18,66,.273,29,55,.527,.463,10,20,.500,22,76,98,23,18,7,14,56,122,
Alfonzo McKinnie,SF,27,CLE,29,1,379,43,104,.413,9,41,.220,34,63,.540,.457,12,17,.706,23,54,77,9,15,5,17,46,107,
Jordan McLaughlin,PG,23,MIN,10,0,162,17,50,.340,8,26,.308,9,24,.375,.420,6,8,.750,2,16,18,30,8,0,6,9,48,
Ben McLemore,SG,26,HOU,43,14,1029,144,342,.421,107,289,.370,37,53,.698,.577,36,45,.800,16,88,104,40,28,10,38,91,431,
Jordan McRae,SG,28,WAS,27,4,618,127,299,.425,40,100,.400,87,199,.437,.492,60,77,.779,17,80,97,78,18,13,36,57,354,
Nicolò Melli,C,29,NOP,34,5,512,65,149,.436,31,93,.333,34,56,.607,.540,30,37,.811,17,63,80,34,20,7,26,61,191,
De'Anthony Melton,PG,21,MEM,33,0,585,93,202,.460,18,60,.300,75,142,.528,.505,56,65,.862,24,101,125,100,44,12,50,61,260,
Chimezie Metu,PF,22,SAS,11,0,41,13,22,.591,0,0,,13,22,.591,.591,4,6,.667,8,9,17,3,1,3,1,1,30,
Khris Middleton,SF,28,MIL,38,35,1081,273,546,.500,83,197,.421,190,349,.544,.576,112,126,.889,30,186,216,147,38,6,75,82,741,
C.J. Miles,SG,32,WAS,10,0,161,19,59,.322,11,35,.314,8,24,.333,.415,15,20,.750,4,8,12,12,10,4,4,14,64,
Malcolm Miller,SF,26,TOR,21,1,115,7,20,.350,5,15,.333,2,5,.400,.475,1,6,.167,1,13,14,8,4,2,3,11,20,
Patty Mills,PG,31,SAS,43,1,997,171,390,.438,99,250,.396,72,140,.514,.565,57,71,.803,13,56,69,85,33,5,40,62,498,
Paul Millsap,PF,34,DEN,32,32,798,132,282,.468,31,75,.413,101,207,.488,.523,85,96,.885,64,122,186,45,28,22,42,90,380,
Shake Milton,SG,23,PHI,13,0,124,19,52,.365,8,28,.286,11,24,.458,.442,10,13,.769,3,16,19,11,1,1,14,19,56,
Donovan Mitchell,SG,23,UTA,43,43,1473,393,850,.462,101,277,.365,292,573,.510,.522,173,202,.856,33,149,182,182,48,11,103,101,1060,
Naz Mitrou-Long,SG,26,IND,3,0,43,6,16,.375,2,11,.182,4,5,.800,.438,0,0,,0,6,6,7,1,1,2,1,14,
Adam Mokoka,SG,21,CHI,2,0,6,0,5,.000,0,2,.000,0,3,.000,.000,0,0,,2,0,2,0,0,0,0,0,0,
Malik Monk,SG,21,CHO,43,0,828,140,326,.429,37,147,.252,103,179,.575,.486,46,59,.780,18,93,111,84,18,10,53,58,363,
Matt Mooney,SG,22,CLE,1,0,3,1,2,.500,0,1,.000,1,1,1.000,.500,0,0,,0,1,1,1,0,1,0,0,2,
E'Twaun Moore,SG,30,NOP,33,5,701,133,315,.422,48,124,.387,85,191,.445,.498,21,34,.618,23,75,98,59,20,5,25,54,335,
Ja Morant,PG,20,MEM,38,38,1132,250,513,.487,34,85,.400,216,428,.505,.520,130,161,.807,24,106,130,265,39,11,124,63,664,
Juwan Morgan,PF,22,UTA,10,0,42,3,6,.500,1,4,.250,2,2,1.000,.583,0,0,,1,6,7,1,0,1,2,3,7,
Marcus Morris,SF,30,NYK,37,37,1184,233,530,.440,100,219,.457,133,311,.428,.534,139,169,.822,40,161,201,55,30,15,60,108,705,
Markieff Morris,PF,30,DET,37,16,817,149,327,.456,65,158,.411,84,169,.497,.555,51,66,.773,19,124,143,57,23,8,59,86,414,
Monte Morris,PG,24,DEN,44,4,841,133,304,.438,30,77,.390,103,227,.454,.487,34,42,.810,13,58,71,153,31,9,26,34,330,
Johnathan Motley,PF,24,LAC,7,0,17,3,5,.600,1,1,1.000,2,4,.500,.700,2,2,1.000,1,1,2,5,3,0,4,5,9,
Emmanuel Mudiay,PG,23,UTA,41,1,678,123,256,.480,24,68,.353,99,188,.527,.527,40,55,.727,14,87,101,99,16,8,59,58,310,
Dejounte Murray,PG,23,SAS,39,31,941,164,335,.490,19,53,.358,145,282,.514,.518,51,65,.785,47,179,226,156,66,10,80,89,398,
Jamal Murray,PG,22,DEN,40,40,1279,260,598,.435,64,199,.322,196,399,.491,.488,120,131,.916,33,130,163,183,54,11,85,68,704,
Džanan Musa,SF,20,BRK,30,0,384,45,131,.344,14,63,.222,31,68,.456,.397,33,44,.750,18,46,64,29,12,1,27,23,137,
Mike Muscala,C,28,OKC,31,0,396,45,125,.360,29,93,.312,16,32,.500,.476,16,20,.800,11,63,74,27,6,8,13,40,135,
Sviatoslav Mykhailiuk,SF,22,DET,40,13,843,111,255,.435,81,185,.438,30,70,.429,.594,32,38,.842,11,51,62,65,25,4,41,58,335,
Abdel Nader,SF,26,OKC,32,5,520,71,151,.470,28,77,.364,43,74,.581,.563,28,35,.800,10,41,51,24,11,10,28,42,198,
Larry Nance,C,27,CLE,35,5,849,111,218,.509,32,94,.340,79,124,.637,.583,27,45,.600,58,183,241,56,31,15,34,55,281,
Shabazz Napier,PG,28,MIN,31,17,705,95,243,.391,39,137,.285,56,106,.528,.471,61,73,.836,9,74,83,144,32,6,62,49,290,
Raul Neto,PG,27,PHI,37,2,398,57,124,.460,19,47,.404,38,77,.494,.536,10,12,.833,5,31,36,56,17,4,28,26,143,
Georges Niang,PF,26,UTA,38,0,519,80,169,.473,52,116,.448,28,53,.528,.627,11,14,.786,9,62,71,24,8,5,17,47,223,
Nerlens Noel,C,25,OKC,37,5,695,118,176,.670,1,2,.500,117,174,.672,.673,63,78,.808,59,132,191,44,40,59,38,94,300,
Zach Norvell,SG,22,LAL,2,0,5,0,1,.000,0,0,,0,1,.000,.000,0,0,,0,1,1,0,0,0,0,0,0,
Jaylen Nowell,SG,20,MIN,7,0,81,11,31,.355,2,17,.118,9,14,.643,.387,7,8,.875,2,3,5,6,0,1,3,3,31,
Frank Ntilikina,PG,21,NYK,41,24,887,89,240,.371,31,99,.313,58,141,.411,.435,35,40,.875,16,73,89,127,41,16,54,105,244,
Kendrick Nunn,SG,24,MIA,44,44,1345,282,612,.461,90,253,.356,192,359,.535,.534,59,71,.831,12,112,124,156,40,8,81,102,713,
David Nwaba,SF,27,BRK,20,0,268,37,71,.521,12,28,.429,25,43,.581,.606,18,27,.667,8,37,45,8,11,12,8,32,104,
Royce O'Neale,PF,26,UTA,44,41,1297,98,209,.469,55,128,.430,43,81,.531,.600,20,24,.833,13,213,226,116,34,15,35,130,271,
Kyle O'Quinn,C,29,PHI,21,1,217,30,61,.492,7,21,.333,23,40,.575,.549,3,8,.375,23,54,77,31,4,17,18,29,70,
Semi Ojeleye,PF,25,BOS,41,4,587,38,98,.388,23,61,.377,15,37,.405,.505,13,16,.813,16,55,71,20,12,3,7,44,112,
Jahlil Okafor,C,24,NOP,24,9,399,83,136,.610,1,2,.500,82,134,.612,.614,37,57,.649,43,68,111,35,5,19,35,61,204,
Elie Okobo,PG,22,PHO,35,2,431,52,131,.397,19,52,.365,33,79,.418,.469,40,59,.678,12,40,52,75,16,4,15,32,163,
Josh Okogie,SG,21,MIN,42,12,1004,105,262,.401,29,109,.266,76,153,.497,.456,91,119,.765,54,134,188,65,45,20,63,91,330,
KZ Okpala,SF,20,MIA,3,0,3,0,0,,0,0,,0,0,,,0,0,,0,1,1,0,0,0,1,0,0,
Kelly Olynyk,C,28,MIA,40,0,777,100,217,.461,52,127,.409,48,90,.533,.581,49,56,.875,30,150,180,50,27,10,43,99,301,
Miye Oni,SG,22,UTA,3,0,8,0,0,,0,0,,0,0,,,0,0,,0,1,1,0,0,0,1,0,0,
Cedi Osman,SF,24,CLE,44,44,1289,180,403,.447,85,211,.403,95,192,.495,.552,40,61,.656,21,128,149,91,36,12,61,102,485,
Kelly Oubre,SF,24,PHO,42,42,1430,272,597,.456,75,219,.342,197,378,.521,.518,145,186,.780,49,221,270,65,59,32,66,141,764,
Jabari Parker,PF,24,ATL,32,23,837,198,393,.504,31,115,.270,167,278,.601,.543,53,72,.736,54,137,191,58,42,15,60,93,480,
Chandler Parsons,SF,31,ATL,5,0,54,5,18,.278,4,14,.286,1,4,.250,.389,0,0,,1,6,7,3,4,1,3,3,14,
Eric Paschall,PF,23,GSW,41,22,1122,220,445,.494,26,88,.295,194,357,.543,.524,107,137,.781,58,137,195,72,23,10,59,83,573,
Anžejs Pasečņiks,C,24,WAS,16,0,330,50,95,.526,0,1,.000,50,94,.532,.526,28,46,.609,35,54,89,16,8,7,21,51,128,
Patrick Patterson,PF,30,LAC,40,16,525,64,166,.386,45,125,.360,19,41,.463,.521,19,26,.731,26,83,109,28,6,3,11,32,192,
Justin Patton,C,22,OKC,5,0,24,4,10,.400,1,4,.250,3,6,.500,.450,0,0,,1,4,5,2,0,0,2,4,9,
Chris Paul,PG,34,OKC,45,45,1430,266,555,.479,74,202,.366,192,353,.544,.546,161,180,.894,14,211,225,288,72,6,92,106,767,
Elfrid Payton,PG,25,NYK,27,18,693,102,245,.416,10,45,.222,92,200,.460,.437,16,32,.500,31,83,114,161,38,12,53,51,230,
Gary Payton,PG,27,WAS,15,12,320,38,86,.442,9,30,.300,29,56,.518,.494,4,7,.571,18,39,57,38,29,6,17,32,89,
Norvel Pelle,C,26,PHI,14,0,156,15,27,.556,0,0,,15,27,.556,.556,5,10,.500,12,39,51,7,1,21,11,31,35,
Theo Pinson,SG,24,BRK,25,0,325,42,145,.290,14,74,.189,28,71,.394,.338,15,16,.938,9,36,45,47,14,2,32,31,113,
Mason Plumlee,C,29,DEN,43,1,750,127,210,.605,0,4,.000,127,206,.617,.605,63,114,.553,79,160,239,105,23,27,63,95,317,
Vincent Poirier,C,26,BOS,13,0,67,10,23,.435,1,2,.500,9,21,.429,.457,3,4,.750,8,14,22,4,2,4,4,15,24,
Jakob Pöltl,C,24,SAS,43,7,745,94,156,.603,0,0,,94,156,.603,.603,26,48,.542,79,159,238,81,22,66,35,74,214,
Shamorie Ponds,PG,21,TOR,4,0,11,3,5,.600,1,2,.500,2,3,.667,.700,2,2,1.000,0,1,1,2,0,1,0,2,9,
Jordan Poole,SG,20,GSW,39,9,841,93,335,.278,48,181,.265,45,154,.292,.349,61,76,.803,5,72,77,76,25,8,37,59,295,
Kevin Porter,SF,19,CLE,34,2,742,111,253,.439,27,91,.297,84,162,.519,.492,40,55,.727,12,100,112,66,29,6,59,89,289,
Michael Porter,PF,21,DEN,34,1,435,97,180,.539,26,64,.406,71,116,.612,.611,24,31,.774,31,94,125,23,11,15,25,57,244,
Otto Porter,SF,26,CHI,9,9,226,35,84,.417,16,40,.400,19,44,.432,.512,15,20,.750,8,23,31,14,9,3,7,20,101,
Bobby Portis,C,24,NYK,45,4,944,172,398,.432,48,132,.364,124,266,.466,.492,48,65,.738,66,186,252,71,23,9,44,81,440,
Kristaps Porziņģis,PF,24,DAL,32,32,995,194,489,.397,69,206,.335,125,283,.442,.467,88,121,.727,58,242,300,46,19,67,54,99,545,
Dwight Powell,C,28,DAL,40,37,1061,146,229,.638,10,39,.256,136,190,.716,.659,74,111,.667,75,152,227,59,34,22,36,102,376,
Norman Powell,SG,26,TOR,33,17,946,188,366,.514,70,170,.412,118,196,.602,.609,78,92,.848,16,112,128,57,38,13,50,66,524,
Julius Randle,PF,25,NYK,43,43,1380,299,668,.448,52,180,.289,247,488,.506,.487,160,225,.711,95,299,394,142,34,9,126,119,810,
Josh Reaves,SG,22,DAL,2,0,1,0,1,.000,0,0,,0,1,.000,.000,0,0,,0,0,0,0,0,0,0,0,0,
Cam Reddish,SF,20,ATL,41,29,1079,123,367,.335,47,161,.292,76,206,.369,.399,63,80,.788,26,131,157,65,45,18,71,85,356,
J.J. Redick,SG,35,NOP,40,35,1126,193,429,.450,123,268,.459,70,161,.435,.593,111,124,.895,8,103,111,77,13,6,45,60,620,
Naz Reid,C,20,MIN,12,0,147,35,88,.398,15,49,.306,20,39,.513,.483,9,14,.643,9,21,30,11,4,6,8,28,94,
Josh Richardson,SG,26,PHI,38,38,1198,209,479,.436,61,183,.333,148,296,.500,.500,90,110,.818,30,95,125,129,37,23,80,101,569,
Austin Rivers,SG,27,HOU,39,3,891,109,269,.405,46,146,.315,63,123,.512,.491,39,55,.709,18,74,92,63,24,6,26,74,303,
Duncan Robinson,SF,25,MIA,44,39,1229,175,383,.457,143,333,.429,32,50,.640,.644,28,31,.903,7,134,141,46,23,12,30,124,521,
Glenn Robinson,SF,26,GSW,43,43,1360,209,450,.464,57,145,.393,152,305,.498,.528,51,60,.850,62,144,206,70,40,11,44,77,526,
Jerome Robinson,SG,22,LAC,37,0,447,44,129,.341,19,64,.297,25,65,.385,.415,10,17,.588,5,55,60,43,12,8,24,51,117,
Justin Robinson,PG,22,WAS,9,0,49,5,12,.417,3,5,.600,2,7,.286,.542,0,0,,1,4,5,7,0,1,3,2,13,
Mitchell Robinson,C,21,NYK,41,7,933,163,231,.706,0,0,,163,231,.706,.706,63,103,.612,115,162,277,20,35,74,29,136,389,
Rajon Rondo,PG,33,LAL,29,2,621,88,212,.415,28,77,.364,60,135,.444,.481,22,29,.759,15,91,106,153,27,2,59,33,226,
Derrick Rose,PG,31,DET,39,5,1020,293,589,.497,36,116,.310,257,473,.543,.528,99,114,.868,20,77,97,232,32,13,100,44,721,
Terrence Ross,SG,28,ORL,43,0,1110,200,489,.409,97,286,.339,103,203,.507,.508,91,108,.843,9,117,126,44,48,12,42,68,588,
Terry Rozier,PG,25,CHO,45,45,1534,284,676,.420,120,304,.395,164,372,.441,.509,119,140,.850,36,156,192,197,53,7,109,100,807,
Ricky Rubio,PG,29,PHO,37,37,1192,177,431,.411,44,131,.336,133,300,.443,.462,94,114,.825,27,146,173,340,50,9,99,92,492,
D'Angelo Russell,SG,23,GSW,28,28,898,230,541,.425,96,266,.361,134,275,.487,.514,100,127,.787,10,90,100,178,24,8,86,59,656,
Domantas Sabonis,C,23,IND,42,42,1433,303,565,.536,11,43,.256,292,522,.559,.546,135,188,.718,144,396,540,182,32,24,113,139,752,
JaKarr Sampson,SF,26,IND,15,8,205,32,51,.627,2,10,.200,30,41,.732,.647,2,8,.250,8,26,34,4,6,7,6,25,68,
Dario Šarić,PF,25,PHO,44,41,1106,160,367,.436,56,175,.320,104,192,.542,.512,53,62,.855,67,209,276,84,27,11,56,98,429,
Tomáš Satoranský,PG,28,CHI,46,46,1311,165,378,.437,48,141,.340,117,237,.494,.500,75,86,.872,45,121,166,246,60,6,90,94,453,
Admiral Schofield,SF,22,WAS,24,2,288,30,74,.405,14,46,.304,16,28,.571,.500,9,12,.750,6,27,33,14,7,3,7,41,83,
Dennis Schröder,PG,26,OKC,44,0,1363,312,658,.474,86,233,.369,226,425,.532,.540,110,135,.815,14,154,168,171,27,10,120,97,820,
Mike Scott,PF,31,PHI,46,7,826,93,237,.392,53,156,.340,40,81,.494,.504,20,23,.870,39,117,156,28,16,3,16,61,259,
Thabo Sefolosha,PF,35,HOU,28,0,271,21,56,.375,12,36,.333,9,20,.450,.482,0,1,.000,13,49,62,17,11,6,9,25,54,
Collin Sexton,SG,21,CLE,44,44,1396,325,719,.452,52,153,.340,273,566,.482,.488,139,165,.842,45,100,145,104,41,5,94,87,841,
Landry Shamet,SG,22,LAC,28,20,767,85,205,.415,58,153,.379,27,52,.519,.556,30,32,.938,3,59,62,43,12,6,23,87,258,
Iman Shumpert,SG,29,BRK,13,0,241,21,64,.328,8,33,.242,13,31,.419,.391,4,7,.571,9,25,34,12,12,2,10,21,54,
Pascal Siakam,PF,25,TOR,33,33,1162,291,641,.454,72,196,.367,219,445,.492,.510,121,149,.812,40,213,253,115,32,32,84,92,775,
Chris Silva,PF,23,MIA,30,0,249,38,55,.691,0,2,.000,38,53,.717,.691,28,41,.683,46,46,92,15,6,16,29,65,104,
Ben Simmons,PG,23,PHI,44,44,1588,288,498,.578,2,5,.400,286,493,.580,.580,126,213,.592,86,258,344,372,95,29,152,146,704,
Anfernee Simons,SG,20,POR,45,3,1046,160,393,.407,51,162,.315,109,231,.472,.472,52,66,.788,18,100,118,67,17,8,44,96,423,
Alen Smailagić,PF,19,GSW,9,0,92,16,29,.552,2,9,.222,14,20,.700,.586,8,10,.800,7,15,22,8,1,3,5,10,42,
Marcus Smart,SG,25,BOS,34,23,1062,141,369,.382,78,222,.351,63,147,.429,.488,62,74,.838,26,88,114,161,55,14,44,84,422,
Dennis Smith,PG,22,NYK,22,1,342,41,128,.320,12,41,.293,29,87,.333,.367,15,30,.500,13,32,45,57,10,7,31,44,109,
Ish Smith,PG,31,WAS,43,12,1129,199,433,.460,41,111,.369,158,322,.491,.507,34,54,.630,19,112,131,196,34,16,58,62,473,
Tony Snell,SF,28,DET,41,39,1083,120,254,.472,76,176,.432,44,78,.564,.622,16,16,1.000,6,66,72,57,18,9,17,68,332,
Omari Spellman,PF,22,GSW,43,3,766,115,261,.441,38,94,.404,77,167,.461,.513,64,79,.810,76,125,201,42,30,22,46,52,332,
Max Strus,SG,23,CHI,2,0,6,2,3,.667,0,1,.000,2,2,1.000,.667,1,1,1.000,1,0,1,0,0,0,0,1,5,
Edmond Sumner,PG,24,IND,17,2,244,32,74,.432,8,23,.348,24,51,.471,.486,8,13,.615,7,18,25,27,11,6,11,25,80,
Caleb Swanigan,PF,22,SAC,7,0,23,2,4,.500,0,0,,2,4,.500,.500,1,2,.500,2,5,7,2,1,2,6,8,5,
Jayson Tatum,PF,21,BOS,42,42,1426,332,763,.435,101,276,.366,231,487,.474,.501,138,164,.841,42,248,290,120,58,35,90,86,903,
Jeff Teague,PG,31,TOT,37,14,1006,153,343,.446,35,91,.385,118,252,.468,.497,127,146,.870,17,78,95,224,26,14,84,78,468,
Garrett Temple,SG,33,BRK,37,26,1072,132,360,.367,75,237,.316,57,123,.463,.471,41,54,.759,21,105,126,95,32,17,48,64,380,
Daniel Theis,C,27,BOS,39,38,852,124,232,.534,17,53,.321,107,179,.598,.571,39,56,.696,74,157,231,61,27,58,30,131,304,
Isaiah Thomas,PG,30,WAS,34,31,795,147,356,.413,63,153,.412,84,203,.414,.501,53,66,.803,8,42,50,131,13,5,71,67,410,
Khyri Thomas,SG,23,DET,2,0,6,0,0,,0,0,,0,0,,,1,2,.500,0,0,0,0,0,0,0,0,1,
Matt Thomas,SG,25,TOR,17,0,189,28,60,.467,21,45,.467,7,15,.467,.642,5,7,.714,3,20,23,7,4,0,7,15,82,
Tristan Thompson,C,28,CLE,42,42,1335,221,432,.512,3,8,.375,218,424,.514,.515,83,130,.638,177,269,446,88,30,43,83,101,528,
Matisse Thybulle,SG,22,PHI,38,8,747,63,163,.387,38,101,.376,25,62,.403,.503,22,33,.667,20,41,61,48,57,33,37,85,186,
Anthony Tolliver,PF,34,TOT,34,9,560,43,119,.361,30,91,.330,13,28,.464,.487,13,19,.684,27,83,110,30,8,9,21,55,129,
Karl-Anthony Towns,C,24,MIN,27,27,901,245,478,.513,92,225,.409,153,253,.605,.609,134,166,.807,73,221,294,115,25,31,81,93,716,
Gary Trent,SG,21,POR,32,2,481,60,154,.390,35,97,.361,25,57,.439,.503,11,12,.917,11,34,45,24,17,6,10,36,166,
Allonzo Trier,PG,24,NYK,20,1,246,37,85,.435,15,46,.326,22,39,.564,.524,31,39,.795,4,22,26,24,2,4,20,24,120,
P.J. Tucker,PF,34,HOU,43,43,1505,120,266,.451,65,176,.369,55,90,.611,.573,27,34,.794,70,239,309,63,47,17,50,142,332,
Rayjon Tucker,SG,22,UTA,11,0,71,7,18,.389,0,6,.000,7,12,.583,.389,3,5,.600,2,8,10,2,1,0,3,6,17,
Evan Turner,PG,31,ATL,18,0,230,24,63,.381,0,5,.000,24,58,.414,.381,12,14,.857,7,29,36,36,8,8,25,18,60,
Myles Turner,C,23,IND,37,37,1072,160,356,.449,54,161,.335,106,195,.544,.525,79,107,.738,47,173,220,44,26,74,47,95,453,
Jonas Valančiūnas,C,27,MEM,41,41,1041,259,435,.595,26,62,.419,233,373,.625,.625,73,99,.737,114,301,415,82,16,43,81,104,617,
Denzel Valentine,SF,26,CHI,24,0,273,52,122,.426,29,74,.392,23,48,.479,.545,5,5,1.000,3,39,42,22,14,5,12,28,138,
Jarred Vanderbilt,SF,20,DEN,5,0,21,2,2,1.000,0,0,,2,2,1.000,1.000,0,0,,0,3,3,1,0,0,4,2,4,
Fred VanVleet,PG,25,TOR,34,34,1222,206,508,.406,94,234,.402,112,274,.409,.498,122,146,.836,12,120,132,230,67,12,82,79,628,
Noah Vonleh,C,24,MIN,28,1,347,47,86,.547,2,14,.143,45,72,.625,.558,23,28,.821,34,82,116,26,11,6,19,36,119,
Nikola Vučević,C,29,ORL,34,34,1076,256,568,.451,59,160,.369,197,408,.483,.503,76,95,.800,94,284,378,115,33,30,45,75,647,
Dean Wade,PF,23,CLE,7,0,47,7,10,.700,2,3,.667,5,7,.714,.800,0,1,.000,2,13,15,1,2,3,3,6,16,
Moritz Wagner,C,22,WAS,21,4,429,93,160,.581,22,56,.393,71,104,.683,.650,36,43,.837,34,93,127,28,15,13,43,81,244,
Kemba Walker,PG,29,BOS,38,38,1204,279,630,.443,129,331,.390,150,299,.502,.545,138,160,.863,30,121,151,189,35,23,83,57,825,
Lonnie Walker,SG,21,SAS,35,1,432,78,177,.441,19,49,.388,59,128,.461,.494,23,34,.676,12,59,71,22,14,5,20,41,198,
Tyrone Wallace,SG,25,ATL,14,0,160,14,44,.318,1,15,.067,13,29,.448,.330,11,17,.647,3,19,22,13,7,1,10,19,40,
Taurean Waller-Prince,SF,25,BRK,42,42,1269,188,494,.381,102,288,.354,86,206,.417,.484,37,48,.771,36,242,278,85,38,18,88,106,515,
Derrick Walton,PG,24,LAC,23,1,222,17,36,.472,9,21,.429,8,15,.533,.597,7,9,.778,2,13,15,22,4,0,4,19,50,
Brad Wanamaker,PG,30,BOS,42,0,786,88,209,.421,18,57,.316,70,152,.461,.464,73,80,.913,13,72,85,114,26,10,47,75,267,
T.J. Warren,SF,26,IND,45,45,1447,322,628,.513,51,136,.375,271,492,.551,.553,115,140,.821,41,128,169,61,48,21,55,119,810,
PJ Washington,PF,21,CHO,40,40,1221,188,389,.483,59,140,.421,129,249,.518,.559,68,100,.680,32,189,221,80,37,35,66,113,503,
Yuta Watanabe,SG,25,MEM,4,0,18,3,6,.500,1,2,.500,2,4,.500,.583,0,0,,1,4,5,0,0,1,1,1,7,
Tremont Waters,PG,22,BOS,6,0,56,9,25,.360,2,14,.143,7,11,.636,.400,6,6,1.000,0,6,6,8,4,2,5,6,26,
Paul Watson,SG,25,ATL,2,0,17,0,7,.000,0,3,.000,0,4,.000,.000,0,0,,0,2,2,3,1,0,0,1,0,
Russell Westbrook,PG,31,HOU,37,37,1315,357,800,.446,39,166,.235,318,634,.502,.471,184,239,.770,61,240,301,271,60,13,160,134,937,
Coby White,SG,19,CHI,46,0,1109,192,506,.379,80,234,.342,112,272,.412,.458,55,76,.724,18,143,161,103,35,3,70,70,519,
Derrick White,SG,25,SAS,41,11,968,145,308,.471,40,103,.388,105,205,.512,.536,80,97,.825,21,102,123,135,24,28,46,86,410,
Hassan Whiteside,C,30,POR,41,41,1249,262,444,.590,2,4,.500,260,440,.591,.592,111,150,.740,166,414,580,51,15,124,82,121,637,
Andrew Wiggins,SF,24,MIN,36,36,1248,303,690,.439,73,232,.315,230,458,.502,.492,129,176,.733,45,139,184,132,24,33,89,79,808,
Grant Williams,PF,21,BOS,41,2,603,46,122,.377,11,53,.208,35,69,.507,.422,28,40,.700,33,64,97,41,14,18,33,88,131,
Johnathan Williams,C,24,WAS,8,5,128,15,24,.625,0,2,.000,15,22,.682,.625,3,5,.600,13,28,41,6,1,5,3,8,33,
Kenrich Williams,PF,25,NOP,35,18,779,49,143,.343,25,96,.260,24,47,.511,.430,9,24,.375,49,129,178,53,25,21,21,81,132,
Lou Williams,SG,33,LAC,42,6,1266,272,645,.422,81,220,.368,191,425,.449,.484,209,241,.867,18,113,131,258,27,8,128,59,834,
Marvin Williams,PF,33,CHO,36,0,705,84,185,.454,40,106,.377,44,79,.557,.562,39,44,.886,13,82,95,34,25,16,22,62,247,
Robert Williams,C,22,BOS,19,1,269,33,49,.673,0,0,,33,49,.673,.673,8,14,.571,23,64,87,21,17,21,16,34,74,
Nigel Williams-Goss,PG,25,UTA,9,0,28,1,7,.143,0,2,.000,1,5,.200,.143,2,2,1.000,2,3,5,5,1,1,2,2,4,
Zion Williamson,SF,19,NOP,1,1,18,8,11,.727,4,4,1.000,4,7,.571,.909,2,4,.500,2,5,7,3,0,0,5,1,22,
D.J. Wilson,PF,23,MIL,26,0,235,32,79,.405,11,45,.244,21,34,.618,.475,5,7,.714,6,46,52,18,1,4,12,22,80,
Justise Winslow,SF,23,MIA,11,5,352,50,129,.388,6,27,.222,44,102,.431,.411,18,27,.667,16,57,73,44,7,5,24,38,124,
Christian Wood,PF,24,DET,41,1,693,142,242,.587,23,63,.365,119,179,.665,.634,93,129,.721,53,162,215,30,15,35,46,48,400,
Delon Wright,SG,27,DAL,41,4,831,111,232,.478,25,68,.368,86,164,.524,.532,46,57,.807,39,109,148,129,52,17,34,51,293,
Thaddeus Young,PF,31,CHI,45,1,1006,164,390,.421,50,145,.345,114,245,.465,.485,28,47,.596,65,139,204,77,51,13,63,80,406,
Trae Young,PG,21,ATL,40,40,1404,373,834,.447,139,373,.373,234,461,.508,.531,282,336,.839,25,161,186,345,47,5,192,65,1167,
Cody Zeller,C,27,CHO,42,23,968,185,349,.530,17,63,.270,168,286,.587,.554,89,129,.690,119,177,296,52,25,17,56,106,476,
Ante Žižić,C,23,CLE,16,0,159,28,49,.571,0,0,,28,49,.571,.571,13,15,.867,14,41,55,3,6,4,5,20,69,
Ivica Zubac,C,22,LAC,45,43,787,148,248,.597,0,2,.000,148,246,.602,.597,75,102,.735,112,196,308,43,8,42,37,102,371,